0.000000000000000000e+00
2.020000000001777707e+00
3.668750000002944489e+00
5.110000000004106369e+00
6.068750000005154632e+00
7.016250000005729959e+00
8.015000000005670699e+00
8.753750000005368292e+00
9.773750000004888250e+00
1.031625000000476788e+01
1.101250000000464624e+01
1.162375000000459480e+01
1.239500000000429836e+01
1.291625000000433587e+01
1.344750000000438561e+01
1.401125000000412157e+01
1.442625000000421664e+01
1.492875000000400121e+01
1.538750000000352358e+01
1.586000000000278476e+01
1.622375000000219458e+01
1.666250000000203713e+01
1.707250000000177081e+01
1.739000000000148205e+01
1.771000000000119101e+01
1.801375000000091475e+01
1.833375000000062371e+01
1.868000000000030880e+01
1.882000000000018147e+01
1.908249999999994273e+01
1.932874999999971877e+01
1.949499999999956756e+01
1.972499999999935838e+01
1.982249999999926970e+01
1.991249999999918785e+01
1.997624999999912987e+01
2.007124999999904347e+01
2.015499999999896730e+01
2.022999999999889909e+01
2.024874999999888203e+01
2.023874999999889113e+01
2.030124999999883428e+01
2.028374999999885020e+01
2.031999999999881723e+01
2.028249999999885134e+01
2.029499999999883997e+01
2.018749999999893774e+01
2.017624999999894797e+01
2.007749999999903778e+01
1.995124999999915261e+01
