0.000000000000000000e+00
2.439999999999514557e+00
3.639999999999275815e+00
4.759999999999052989e+00
5.744999999998857021e+00
6.869999999998739781e+00
7.454999999999039062e+00
8.244999999999443219e+00
8.874999999999765521e+00
9.400000000000034106e+00
1.012000000000040245e+01
1.083000000000076568e+01
1.140000000000105729e+01
1.212000000000142563e+01
1.287000000000180933e+01
1.322000000000198838e+01
1.388500000000232859e+01
1.422500000000250253e+01
1.484500000000281972e+01
1.507500000000293738e+01
1.551000000000315993e+01
1.585000000000333387e+01
1.619500000000351037e+01
1.664000000000373802e+01
1.700000000000392220e+01
1.736500000000410893e+01
1.780000000000433147e+01
1.793000000000439798e+01
1.815000000000451053e+01
1.844500000000466144e+01
1.870000000000479190e+01
1.876000000000482260e+01
1.893500000000491212e+01
1.905500000000497351e+01
1.916500000000502979e+01
1.938500000000514234e+01
1.931500000000510653e+01
1.940500000000515257e+01
1.945000000000517559e+01
1.957000000000523698e+01
1.960000000000525233e+01
1.951500000000520885e+01
1.951000000000520629e+01
1.952500000000521396e+01
1.942500000000516280e+01
1.949000000000519606e+01
1.942000000000516025e+01
1.925000000000507328e+01
1.914500000000501956e+01
1.897000000000493003e+01
