0.000000000000000000e+00
2.209623524021684382e+00
3.783319753243344241e+00
5.017573890281190607e+00
6.039395901750950202e+00
6.959689150842134353e+00
7.905139513171462795e+00
8.861580440305967699e+00
9.782092305921985087e+00
1.063150638272390935e+01
1.140492536952704228e+01
1.211355738690171790e+01
1.276120462706377801e+01
1.336746528557029023e+01
1.392150140932711189e+01
1.444009413172608269e+01
1.492247213021583718e+01
1.537902968508830170e+01
1.580207627845832796e+01
1.620276506763943658e+01
1.657769498688131193e+01
1.693405079347203923e+01
1.727678442580181795e+01
1.759570147377895566e+01
1.789691977841192383e+01
1.818388440115628768e+01
1.845672548874332719e+01
1.870942596181100726e+01
1.894526444776533936e+01
1.916642265065958384e+01
1.936863298043510895e+01
1.955160261019706169e+01
1.970988384112269287e+01
1.985031705364552224e+01
1.996787985190879766e+01
2.007056856378546783e+01
2.015485452636833230e+01
2.022684188470435629e+01
2.028058514937882606e+01
2.032867005333259414e+01
2.035946692571005201e+01
2.038249633297211361e+01
2.039668687328502727e+01
2.039797266349231109e+01
2.038367079958335992e+01
2.035847151979730185e+01
2.031692478284253411e+01
2.024751677021224694e+01
2.014684916481600752e+01
1.998098479732720634e+01
