0.000000000000000000e+00
2.209593410530919400e+00
3.783231162827931371e+00
5.017515849783157122e+00
6.039344844533714785e+00
6.959637241279231112e+00
7.905101261415398817e+00
8.861564369439436817e+00
9.782087040186869586e+00
1.063151241326236907e+01
1.140493021035542220e+01
1.211356258416550169e+01
1.276121080422618093e+01
1.336746616388081144e+01
1.392147968317161144e+01
1.444009555840168701e+01
1.492246891011429355e+01
1.537903795199802737e+01
1.580206899570773160e+01
1.620275268443788974e+01
1.657768083461494513e+01
1.693402831920280605e+01
1.727676422008287815e+01
1.759568286784653779e+01
1.789690591700907163e+01
1.818387185939585393e+01
1.845670940288604456e+01
1.870940687068568309e+01
1.894524864085172666e+01
1.916642158397160856e+01
1.936863290675965388e+01
1.955160035975890054e+01
1.970986951716690072e+01
1.985031009562998605e+01
1.996785703547934077e+01
2.007055726893437608e+01
2.015485057719143924e+01
2.022683423884624787e+01
2.028056054957600196e+01
2.032865426905746276e+01
2.035944694407584521e+01
2.038247857935645513e+01
2.039668140299478338e+01
2.039796802408957177e+01
2.038365535624251024e+01
2.035846589930212502e+01
2.031692300684559171e+01
2.024751130945632482e+01
2.014683563120655307e+01
1.998097778208313002e+01
