0.000000000000000000e+00
2.208781738293800867e+00
3.782390136495333177e+00
5.016555175531046906e+00
6.037646484124715940e+00
6.959134521433835374e+00
7.905544433904617030e+00
8.861870117496950527e+00
9.784561767889691453e+00
1.063516113312176437e+01
1.140839965851386850e+01
1.211711303741872037e+01
1.276486816437123295e+01
1.337048095734260400e+01
1.392444702179771809e+01
1.444298339873619952e+01
1.492564208980417462e+01
1.538195556604505043e+01
1.580451415949752914e+01
1.620448608318145034e+01
1.657912475505708727e+01
1.693544189372952857e+01
1.727844482341602372e+01
1.759802246013196836e+01
1.789899047770826002e+01
1.818630248942971050e+01
1.845989746013304611e+01
1.871269775309606942e+01
1.894865844645093489e+01
1.917028442301631230e+01
1.937233520426622846e+01
1.955544677652884644e+01
1.971392333902704053e+01
1.985417602457370734e+01
1.997181884683983810e+01
2.007513305582008911e+01
2.015919311441404460e+01
2.023156982339992283e+01
2.028535888590126390e+01
2.033378295816424952e+01
2.036397094644545547e+01
2.038767822183523393e+01
2.040171508706957582e+01
2.040320678628746975e+01
2.038874511636610620e+01
2.036333373941235436e+01
2.032225097574056250e+01
2.025264892495778568e+01
2.015216430581991602e+01
1.998625366128645098e+01
