0.000000000000000000e+00
2.211855468749203801e+00
3.762929687512773125e+00
5.015957031267042510e+00
6.031972656266912480e+00
6.966093750015867059e+00
7.902519531284371013e+00
8.832070312533453205e+00
9.728691406282937493e+00
1.059039062503182649e+01
1.135632812503202338e+01
1.206363281253160125e+01
1.271410156253040746e+01
1.331001953128040682e+01
1.385003906253091444e+01
1.439041015629295828e+01
1.485496093755357094e+01
1.531544921881386223e+01
1.572976562507284548e+01
1.612662109382569398e+01
1.650257812507495458e+01
1.686019531257393211e+01
1.720316406257419573e+01
1.751695312507376201e+01
1.781976562507333739e+01
1.811525390632330712e+01
1.838630859382434224e+01
1.862933593757362871e+01
1.886240234382275816e+01
1.908781250007360697e+01
1.929226562507420084e+01
1.946982421882426451e+01
1.962621093757450552e+01
1.976843750007395784e+01
1.988337890632404026e+01
1.998029296882391392e+01
2.006064453132443504e+01
2.014224609382451092e+01
2.019566406257472480e+01
2.023812500007501569e+01
2.026738281257523866e+01
2.029357421882507495e+01
2.030738281257539413e+01
2.030300781257513876e+01
2.029011718757488936e+01
2.026294921882504241e+01
2.022671875007493369e+01
2.015298828132537068e+01
2.005982421882541189e+01
1.988937500007544301e+01
