0.000000000000000000e+00
2.187158203131033041e+00
3.743417968769715554e+00
4.996938476586494815e+00
6.018012695336475204e+00
6.944331054710259465e+00
7.881845703166287187e+00
8.821782226580930697e+00
9.727763671892132535e+00
1.058749511720437297e+01
1.135595214845446144e+01
1.207002441407867188e+01
1.271532714845316825e+01
1.330860839845317756e+01
1.385621093751599098e+01
1.438057128909047400e+01
1.485245605472618280e+01
1.531020996098686560e+01
1.572685058599559049e+01
1.612158203131651391e+01
1.649819335944030385e+01
1.685486816412708322e+01
1.719726074225170009e+01
1.750607421881491277e+01
1.780873535162638888e+01
1.809863769537764711e+01
1.837198730475315500e+01
1.861227050787789139e+01
1.884328125006484100e+01
1.906733398444054117e+01
1.926666015631624163e+01
1.944353027350438268e+01
1.959977539069174313e+01
1.973970214850401916e+01
1.985797363287860051e+01
1.995533203131578759e+01
2.003814941412905526e+01
2.011410644537953019e+01
2.016961425787936690e+01
2.021123535162965013e+01
2.024134277350497513e+01
2.026647949225413115e+01
2.027929199225448897e+01
2.027787109381737807e+01
2.026694335944156933e+01
2.023853515631693156e+01
2.019944335944187586e+01
2.012658203131723056e+01
2.003010253913033623e+01
1.986042480475457239e+01
