0.000000000000000000e+00
2.020625000002677751e+00
3.603750000003071108e+00
4.873125000002577423e+00
5.830000000002264926e+00
6.918125000001365876e+00
7.938124999999889297e+00
8.841249999999437392e+00
9.837499999998978950e+00
1.075249999999851980e+01
1.153249999999832198e+01
1.216749999999824894e+01
1.285312499999803038e+01
1.348374999999796842e+01
1.390374999999811934e+01
1.439187499999792408e+01
1.477062499999805212e+01
1.521687499999788784e+01
1.560874999999747104e+01
1.603374999999677541e+01
1.646062499999612783e+01
1.681312499999604881e+01
1.709374999999590017e+01
1.745812499999556877e+01
1.772062499999533003e+01
1.801124999999506571e+01
1.821312499999488210e+01
1.843999999999467576e+01
1.861937499999451262e+01
1.881562499999433413e+01
1.905437499999411699e+01
1.923937499999394873e+01
1.942437499999378048e+01
1.956749999999365031e+01
1.966124999999356504e+01
1.976187499999347352e+01
1.985437499999338939e+01
1.994062499999331095e+01
1.999312499999326320e+01
2.005437499999320750e+01
2.005812499999320409e+01
2.009812499999316771e+01
2.008499999999317964e+01
2.010687499999315975e+01
2.011249999999315463e+01
2.010999999999315691e+01
2.006812499999319499e+01
2.003562499999322455e+01
1.988312499999336325e+01
1.975624999999347864e+01
