0.000000000000000000e+00
2.262890625000006928e+00
3.852265624998144844e+00
5.094843749997112425e+00
6.118046874996740492e+00
7.067109374995967919e+00
7.991562499994578239e+00
8.948906249994074358e+00
9.852031249993700612e+00
1.074453124999326192e+01
1.149367187499309217e+01
1.221343749999294204e+01
1.290820312499271516e+01
1.350281249999268596e+01
1.407179687499382581e+01
1.458812500000534484e+01
1.506796875001629132e+01
1.551726562502634010e+01
1.593468750003539114e+01
1.631500000003787676e+01
1.668421875003699029e+01
1.706304687503643081e+01
1.738054687503613849e+01
1.769367187503569028e+01
1.797515625003480011e+01
1.828914062503517357e+01
1.854921875003596909e+01
1.879718750003536343e+01
1.904531250003482157e+01
1.925750000003538176e+01
1.945500000003582386e+01
1.963375000003591353e+01
1.980679687503651820e+01
1.995062500003600547e+01
2.006781250003613692e+01
2.015750000003585285e+01
2.023343750003627761e+01
2.032218750003650953e+01
2.036468750003648509e+01
2.040632812503675808e+01
2.043515625003697167e+01
2.046406250003686722e+01
2.046679687503694467e+01
2.048265625003713097e+01
2.046625000003680483e+01
2.042921875003674259e+01
2.040976562503700009e+01
2.034257812503757989e+01
2.024507812503752646e+01
2.008406250003776350e+01
