0.000000000000000000e+00
2.357500000000761986e+00
3.867500000001321325e+00
5.002500000001568026e+00
6.282500000001871143e+00
7.095000000001995488e+00
8.080000000002705463e+00
8.930000000003509797e+00
9.810000000004407639e+00
1.030500000000503391e+01
1.087500000000583711e+01
1.172500000000677645e+01
1.210750000000737714e+01
1.271750000000820080e+01
1.321250000000898694e+01
1.369750000000948376e+01
1.425250000001024020e+01
1.476250000001074270e+01
1.526500000001093937e+01
1.559750000001080039e+01
1.605750000001069466e+01
1.655000000001048832e+01
1.684250000001032888e+01
1.706500000001012651e+01
1.740500000000981728e+01
1.773750000000951488e+01
1.806500000000921702e+01
1.825000000000904876e+01
1.853500000000878956e+01
1.882500000000852580e+01
1.911500000000826205e+01
1.935000000000804832e+01
1.969250000000773682e+01
1.972250000000770953e+01
1.996500000000748898e+01
2.012750000000734119e+01
2.029000000000719339e+01
2.039500000000709790e+01
2.045500000000704333e+01
2.048500000000701604e+01
2.060500000000690690e+01
2.062250000000689099e+01
2.060750000000690463e+01
2.062000000000689326e+01
2.058250000000692737e+01
2.063500000000687962e+01
2.064000000000687507e+01
2.058750000000692282e+01
2.053750000000696829e+01
2.032000000000716611e+01
