0.000000000000000000e+00
2.191630859378520757e+00
3.745888671892159572e+00
5.002841796896514204e+00
6.023925781271494806e+00
6.944550781270154793e+00
7.885126953163749342e+00
8.817812500037900847e+00
9.718369140662471040e+00
1.058301757816142441e+01
1.135057617191165669e+01
1.206181640628632046e+01
1.271153320316011026e+01
1.330518554691006017e+01
1.385081054691069014e+01
1.437675781254741914e+01
1.484829101568318421e+01
1.530852539069346996e+01
1.572346679695246685e+01
1.612048828129223565e+01
1.649810546879123052e+01
1.685436523441542533e+01
1.719878906254045603e+01
1.750664062504097274e+01
1.781101562504029800e+01
1.809983398441633540e+01
1.837362304691693282e+01
1.861387695316666324e+01
1.884491210941611783e+01
1.906997070316702292e+01
1.927125976566812326e+01
1.944684570316850269e+01
1.960419921879358895e+01
1.974424804691838986e+01
1.986243164066795330e+01
1.996010742191770504e+01
2.004116210941811360e+01
2.011850585941887104e+01
2.017413085941873163e+01
2.021614257816909443e+01
2.024559570316928614e+01
2.027306640629391765e+01
2.028621093754434312e+01
2.028171875004410651e+01
2.027146484379343505e+01
2.024302734379379132e+01
2.020504882816896242e+01
2.013203125004428529e+01
2.003545898441987205e+01
1.986762695316948424e+01
