0.000000000000000000e+00
2.209399414080351676e+00
3.781994628688296167e+00
5.015988769274029480e+00
6.037241210680231340e+00
6.958022460879831783e+00
7.904624023741277483e+00
8.861486816733602723e+00
9.784191894860711614e+00
1.063454101595229062e+01
1.140835205110971984e+01
1.211772949251422382e+01
1.276464843782654945e+01
1.337039794954784888e+01
1.392488525423706491e+01
1.444309570344134208e+01
1.492532958982203972e+01
1.538123779262562785e+01
1.580385497982807586e+01
1.620472412025954156e+01
1.657880371010340781e+01
1.693436523354077039e+01
1.727757568275870881e+01
1.759569579994204602e+01
1.789782958900379839e+01
1.818508300697519431e+01
1.845879394447551292e+01
1.871084228431283591e+01
1.894774169837170064e+01
1.916874511634274825e+01
1.937035400306100286e+01
1.955372558508948799e+01
1.971254394446300040e+01
1.985266845618142284e+01
1.996990234290029775e+01
2.007369140539661601e+01
2.015769042883426465e+01
2.023064941321131016e+01
2.028402343664976470e+01
2.033200683508421491e+01
2.036241943274063004e+01
2.038664306555276440e+01
2.040050781164632099e+01
2.040180663977028530e+01
2.038770996008363667e+01
2.036189941320763808e+01
2.032143798742704988e+01
2.025195556555063447e+01
2.015143554602210685e+01
1.998516601476955756e+01
