0.000000000000000000e+00
2.209453277621225009e+00
3.782977294719156447e+00
5.017373351800340053e+00
6.039199599968706700e+00
6.959600067088151043e+00
7.905140075994991911e+00
8.861756286986732789e+00
9.782342834838450685e+00
1.063183273351675595e+01
1.140537010229292747e+01
1.211407714880031250e+01
1.276168823278394093e+01
1.336801887548742584e+01
1.392210357702761137e+01
1.444074111973767138e+01
1.492313018800266100e+01
1.537966957061581752e+01
1.580271942078262093e+01
1.620342475791927939e+01
1.657835121055608951e+01
1.693464263816888504e+01
1.727742637535159886e+01
1.759630676170253949e+01
1.789749351402140221e+01
1.818449859520125500e+01
1.845735069176118870e+01
1.871004943748438265e+01
1.894586379905118534e+01
1.916708526511920141e+01
1.936931953331078660e+01
1.955227096458187575e+01
1.971055244346176849e+01
1.985103904624633486e+01
1.996857574363376031e+01
2.007129249472758659e+01
2.015558547873538942e+01
2.022759948630626781e+01
2.028131362815201655e+01
2.032946479697301356e+01
2.036025596518600977e+01
2.038326873678906281e+01
2.039746856589010449e+01
2.039877746481642617e+01
2.038445930380542492e+01
2.035927101034767972e+01
2.031771148581144004e+01
2.024830703634681583e+01
2.014763366598883820e+01
1.998174850363360378e+01
