0.000000000000000000e+00
2.209475402855995085e+00
3.783177032258779438e+00
5.017752990463177909e+00
6.039447784163648691e+00
6.959789733826983849e+00
7.905144806210214981e+00
8.861513367055239954e+00
9.782008056996716050e+00
1.063151565587035030e+01
1.140499359166306803e+01
1.211361633336080423e+01
1.276109939610407906e+01
1.336747390782615952e+01
1.392158233678335932e+01
1.444018631015745058e+01
1.492266738892057276e+01
1.537916412321825987e+01
1.580227767882945855e+01
1.620300964279729428e+01
1.657790115280793231e+01
1.693419036789636323e+01
1.727703018112762834e+01
1.759599029464963849e+01
1.789722671432578949e+01
1.818426101608604384e+01
1.845723327560715887e+01
1.870999542159749041e+01
1.894577468795023378e+01
1.916704177779652696e+01
1.936940582198618799e+01
1.955235000533263445e+01
1.971063339156111738e+01
1.985117813033071243e+01
1.996868575972562354e+01
2.007139709394945370e+01
2.015562957685997603e+01
2.022770172041588310e+01
2.028136321944054288e+01
2.032954223555095652e+01
2.036031570356903586e+01
2.038324691694637281e+01
2.039741928022771589e+01
2.039879547041229912e+01
2.038443847578400181e+01
2.035923751753161781e+01
2.031768890302931396e+01
2.024826766889709617e+01
2.014762741011064406e+01
1.998176254194440915e+01
