0.000000000000000000e+00
2.209594335567565349e+00
3.783290452731436826e+00
5.017539491341512559e+00
6.039363002464873453e+00
6.959662694818747219e+00
7.905103540669544238e+00
8.861548891278207662e+00
9.782068701002755162e+00
1.063148508092965194e+01
1.140489270231797647e+01
1.211352299711809266e+01
1.276116267225708789e+01
1.336742603323905421e+01
1.392146451018615672e+01
1.444006675741055545e+01
1.492244763361335025e+01
1.537901998474688803e+01
1.580206087037531759e+01
1.620275443940001026e+01
1.657767604737018274e+01
1.693403195290363783e+01
1.727677085785829902e+01
1.759568937210753248e+01
1.789690775780189469e+01
1.818387646584464790e+01
1.845672427087216505e+01
1.870942596344971776e+01
1.894527103332943696e+01
1.916643610863491887e+01
1.936864984421938018e+01
1.955162045388113157e+01
1.970990047364137610e+01
1.985034112839841924e+01
1.996790254502626993e+01
2.007059293656074672e+01
2.015488502411448479e+01
2.022687188057877705e+01
2.028060954957150130e+01
2.032869649796420575e+01
2.035949060349429729e+01
2.038252726463937847e+01
2.039672081856183183e+01
2.039800996689397294e+01
2.038370375542309176e+01
2.035850674538088256e+01
2.031696591286121034e+01
2.024755523590362927e+01
2.014688572792769605e+01
1.998102229980860756e+01
