0.000000000000000000e+00
2.252343749999450306e+00
3.777031249997647055e+00
5.019453124996614335e+00
6.025117187496258353e+00
6.971835937495487912e+00
7.893906250013678516e+00
8.831992187512947012e+00
9.719882812512240733e+00
1.058667968751124100e+01
1.134875000001135348e+01
1.208089843751147363e+01
1.274277343751052882e+01
1.333171875001037598e+01
1.388773437501123276e+01
1.441347656252295728e+01
1.488199218753365649e+01
1.533964843754388774e+01
1.575277343755284498e+01
1.613464843755536648e+01
1.651242187505466674e+01
1.687289062505370651e+01
1.721035156255384990e+01
1.751925781255330961e+01
1.781621093755275709e+01
1.810886718755266500e+01
1.837152343755351680e+01
1.860714843755264170e+01
1.885074218755200093e+01
1.906363281255257647e+01
1.926332031255306632e+01
1.943992187505310909e+01
1.960160156255346564e+01
1.974835937505301686e+01
1.986476562505313126e+01
1.995445312505284718e+01
2.003500000005337256e+01
2.012000000005352263e+01
2.016917968755364399e+01
2.021527343755401418e+01
2.024667968755428404e+01
2.027734375005421796e+01
2.028785156255446509e+01
2.029222656255440072e+01
2.027628906255408481e+01
2.024683593755418798e+01
2.021785156255423743e+01
2.014285156255464670e+01
2.004433593755457110e+01
1.987925781255471946e+01
