0.000000000000000000e+00
2.218437500001179785e+00
3.846874999999282174e+00
5.005781249998325855e+00
6.091718749997895976e+00
6.982343749997176552e+00
7.937031249995759374e+00
8.893749999995257838e+00
9.834218749994850128e+00
1.071281249999442409e+01
1.148906249999422968e+01
1.220046874999408715e+01
1.286843749999388464e+01
1.345984374999385835e+01
1.400656249999389402e+01
1.449671874999369692e+01
1.495468749999375291e+01
1.541593749999357499e+01
1.584640624999312308e+01
1.624218749999245404e+01
1.662421874999184723e+01
1.702312499999172601e+01
1.734546874999153943e+01
1.766578124999124810e+01
1.797515624999096673e+01
1.826015624999070752e+01
1.847484374999051226e+01
1.873953124999027153e+01
1.900156249999003322e+01
1.918062499998987036e+01
1.935078124998971560e+01
1.951843749998956312e+01
1.965796874998943622e+01
1.981859374998929013e+01
1.992531249998919307e+01
2.002390624998910340e+01
2.007812499998905409e+01
2.015312499998898588e+01
2.019499999998894779e+01
2.022296874998892235e+01
2.024124999998890573e+01
2.027359374998887631e+01
2.027281249998887702e+01
2.027984374998887063e+01
2.027843749998887191e+01
2.024562499998890175e+01
2.021562499998892903e+01
2.012562499998901089e+01
2.003437499998909388e+01
1.986937499998924395e+01
