0.000000000000000000e+00
2.209614977838920247e+00
3.783302879098739524e+00
5.017555641806937139e+00
6.039378528273634750e+00
6.959671425698156000e+00
7.905126996280069207e+00
8.861571383754906606e+00
9.782084298413016299e+00
1.063150369195124689e+01
1.140492145089921650e+01
1.211355305700173268e+01
1.276119880227874681e+01
1.336746000318803240e+01
1.392149330645112038e+01
1.444009031800266385e+01
1.492247096532358519e+01
1.537903376540727862e+01
1.580208002499136200e+01
1.620276976962966486e+01
1.657770265956464684e+01
1.693405837913164902e+01
1.727679498096331656e+01
1.759571501155439677e+01
1.789693539519603505e+01
1.818390312095444727e+01
1.845674722095801812e+01
1.870944711585985942e+01
1.894528918166610865e+01
1.916645039935978545e+01
1.936866193195703545e+01
1.955163199325616930e+01
1.970991201301641382e+01
1.985034637352428177e+01
1.996790914913774984e+01
2.007059979816423834e+01
2.015488650222758338e+01
2.022687584301295161e+01
2.028061623951365178e+01
2.032870180984725650e+01
2.035949889084059450e+01
2.038252940078761810e+01
2.039672183414298345e+01
2.039800761123711936e+01
2.038370570083650790e+01
2.035850606819047570e+01
2.031695991416922809e+01
2.024755154033464066e+01
2.014688423057754818e+01
1.998101953407188347e+01
