0.000000000000000000e+00
2.310625000003361684e+00
3.942187500001461231e+00
5.110312500000496527e+00
6.151562500000107292e+00
7.117499999999319371e+00
8.033437499997937437e+00
9.031562499997399129e+00
9.942499999997018278e+00
1.084093749999657419e+01
1.161562499999638121e+01
1.232999999999623597e+01
1.303749999999599751e+01
1.355124999999604185e+01
1.407124999999610182e+01
1.455031249999591481e+01
1.500437499999597435e+01
1.546093749999580069e+01
1.582218749999541174e+01
1.621687499999474369e+01
1.660812499999412850e+01
1.689062499999411315e+01
1.718624999999395087e+01
1.751593749999365102e+01
1.780749999999338584e+01
1.807062499999314653e+01
1.830781249999293081e+01
1.854124999999271850e+01
1.877031249999251017e+01
1.898562499999231434e+01
1.916937499999214722e+01
1.931999999999201023e+01
1.947406249999187011e+01
1.960499999999175103e+01
1.971999999999164643e+01
1.984187499999153559e+01
1.989999999999148272e+01
1.998312499999140712e+01
2.000749999999138495e+01
2.006749999999133038e+01
2.011343749999128860e+01
2.015343749999125222e+01
2.016406249999124256e+01
2.017531249999123233e+01
2.015499999999125080e+01
2.012593749999127724e+01
2.009218749999130793e+01
2.003656249999135852e+01
1.993874999999144748e+01
1.977218749999159897e+01
