0.000000000000000000e+00
2.209467773458085205e+00
3.783226928495585728e+00
5.017305297580760381e+00
6.039208984103691336e+00
6.959482421804072061e+00
7.904983520798767316e+00
8.861101074563480395e+00
9.781783447610600035e+00
1.063149841342778679e+01
1.140503418003110525e+01
1.211366516147494288e+01
1.276114257846625932e+01
1.336733886753192380e+01
1.392127746616669981e+01
1.444016662630863479e+01
1.492266662597021210e+01
1.537922546353944142e+01
1.580232238707054648e+01
1.620292846602849579e+01
1.657799987716234824e+01
1.693429443282695601e+01
1.727737975997446540e+01
1.759635803145547683e+01
1.789745422286001286e+01
1.818466491622199399e+01
1.845782531661242487e+01
1.871052123945816348e+01
1.894639099043013175e+01
1.916784606855785000e+01
1.937012878340173216e+01
1.955302978437509154e+01
1.971121276777144971e+01
1.985179077070123199e+01
1.996918640058432004e+01
2.007192871014997593e+01
2.015612609784562181e+01
2.022827087323753403e+01
2.028188171308245913e+01
2.033002746503268554e+01
2.036071533124404453e+01
2.038372253339098350e+01
2.039786193768792089e+01
2.039922668378069659e+01
2.038491454999228480e+01
2.035954711835107389e+01
2.031813232342897280e+01
2.024865173260724660e+01
2.014799560468015471e+01
1.998208618084981580e+01
