0.000000000000000000e+00
2.209403076189747850e+00
3.783091430446035464e+00
5.017502441140514691e+00
6.039449767800205038e+00
6.959893188410900322e+00
7.904976806936456768e+00
8.861304626814646923e+00
9.782029724471181353e+00
1.063155151401865695e+01
1.140501586948909640e+01
1.211363769565948800e+01
1.276116973911569907e+01
1.336747467075958973e+01
1.392155548130856069e+01
1.444015808139163504e+01
1.492272735595562061e+01
1.537921508756775246e+01
1.580226562438006432e+01
1.620302642745925326e+01
1.657799041671800566e+01
1.693423278732397108e+01
1.727722991867061708e+01
1.759615386886251542e+01
1.789738983077499412e+01
1.818447479171498316e+01
1.845752685470296939e+01
1.871026702803703046e+01
1.894614959639182317e+01
1.916751007002726581e+01
1.936985137862120254e+01
1.955280181807117046e+01
1.971100860517848830e+01
1.985162200849892855e+01
1.996908538740551720e+01
2.007173034589686367e+01
2.015591949384640813e+01
2.022804473798830216e+01
2.028165740888791646e+01
2.032984954755693607e+01
2.036058868329959282e+01
2.038352416913787124e+01
2.039773712079815837e+01
2.039902130048460904e+01
2.038471557538760948e+01
2.035944244306289264e+01
2.031791290204693468e+01
2.024839080731891983e+01
2.014786407392319845e+01
1.998189727704593111e+01
