0.000000000000000000e+00
2.209578552283494979e+00
3.783189811507972511e+00
5.017507743589082914e+00
6.039343490353649813e+00
6.959623336745442757e+00
7.905041351633615321e+00
8.861476059237144653e+00
9.782029876987055061e+00
1.063139724759192717e+01
1.140485202817414390e+01
1.211349529294467331e+01
1.276114189175905089e+01
1.336740467099969720e+01
1.392145401029702079e+01
1.444006557491928255e+01
1.492244350426850552e+01
1.537902175864592991e+01
1.580203899315184124e+01
1.620273120773019926e+01
1.657764743697856602e+01
1.693400806319821328e+01
1.727677318465868694e+01
1.759567001235447492e+01
1.789690765273372364e+01
1.818388328445134405e+01
1.845675025833028116e+01
1.870944229018643767e+01
1.894528568159878290e+01
1.916648391616097058e+01
1.936869644057862772e+01
1.955168163191976305e+01
1.970994983565346814e+01
1.985038623702314098e+01
1.996793952834330099e+01
2.007063480269200184e+01
2.015493980299592280e+01
2.022693244826259118e+01
2.028064304243996219e+01
2.032875129591768015e+01
2.035954872023405215e+01
2.038256599317977802e+01
2.039678329359390574e+01
2.039807239424186136e+01
2.038375701795980177e+01
2.035856799970959230e+01
2.031702838789263410e+01
2.024760547529365695e+01
2.014693866621482954e+01
1.998108173261872977e+01
