0.000000000000000000e+00
2.209617762567187782e+00
3.783308307888990196e+00
5.017562014741545617e+00
6.039382390660193778e+00
6.959673495176706304e+00
7.905129573590276237e+00
8.861573679719050745e+00
9.782086301122369321e+00
1.063150454071491779e+01
1.140492388037773708e+01
1.211355563429974147e+01
1.276120171097851141e+01
1.336746320037421754e+01
1.392149592666446445e+01
1.444009298351552850e+01
1.492247273438277944e+01
1.537903509816056413e+01
1.580208168914640332e+01
1.620277149341309908e+01
1.657770408532469730e+01
1.693406049392176271e+01
1.727679621122002729e+01
1.759571599862402635e+01
1.789693595072780496e+01
1.818390421292830794e+01
1.845674787185727084e+01
1.870944866321345046e+01
1.894529048344843147e+01
1.916645212075903260e+01
1.936866288803223313e+01
1.955163297317323767e+01
1.970991310022190035e+01
1.985034700773422500e+01
1.996790982626306032e+01
2.007059999845213483e+01
2.015488710067472056e+01
2.022687593839661702e+01
2.028061700485388386e+01
2.032870221040686687e+01
2.035949941060955837e+01
2.038252986333609229e+01
2.039672180078054708e+01
2.039800767085797872e+01
2.038370581529366987e+01
2.035850672862647670e+01
2.031696013829899528e+01
2.024755209825059765e+01
2.014688452623292747e+01
1.998101951978294366e+01
