1.581795613402628753e+00
2.240659059771171080e+00
2.724225907425389615e+00
2.968018579033516513e+00
3.202949323907255952e+00
3.299787940036434719e+00
3.617817432544266687e+00
3.603264518250225645e+00
3.808163922143793290e+00
3.971063422769054441e+00
3.958670571649639758e+00
4.128178129110373185e+00
4.139894108449393428e+00
4.212125937425286182e+00
4.208981702290186533e+00
4.291542373269456867e+00
4.289642069246541567e+00
4.228842960563439668e+00
4.207271834599954019e+00
4.092491936247242279e+00
4.059437083136925750e+00
4.095318765464623922e+00
3.973067965980021654e+00
3.991101393261334174e+00
3.831193022299661077e+00
3.767390968953337360e+00
3.659978883786771497e+00
3.601139371329407979e+00
3.464607627621065333e+00
3.404069176268773589e+00
3.266411262992590103e+00
3.145758110000777208e+00
3.069272513455949092e+00
2.888637114820542973e+00
2.743601871676357717e+00
2.580717520782027652e+00
2.413889165848319251e+00
2.193429480286699373e+00
2.116412405374247019e+00
1.928707148113157466e+00
1.776814749856891140e+00
1.593809134551888107e+00
1.320905124389665897e+00
1.207033909796555005e+00
1.043494397045807709e+00
8.595111946188023211e-01
6.506929035372950310e-01
4.105841302158648176e-01
2.116080860621769588e-01
0.000000000000000000e+00
