1.462350696604189704e+00
2.082587494811607876e+00
2.558595750336511987e+00
2.892704277366632049e+00
3.148617386211547853e+00
3.183665180011984397e+00
3.466323537470492155e+00
3.625080806266981703e+00
3.749475004271347611e+00
3.961999547108816522e+00
4.094446044556539377e+00
4.197116754177982578e+00
4.275855378241772087e+00
4.325031146187448883e+00
4.364061401696271325e+00
4.297887643484941123e+00
4.284173337857949626e+00
4.238903816019119475e+00
4.268827733267433366e+00
4.188842425395955082e+00
4.140540640027489339e+00
4.126511842119186646e+00
4.062247129140235558e+00
3.935077961983097783e+00
3.991308861432896649e+00
3.794051543517170444e+00
3.750999190229319602e+00
3.602159281414154979e+00
3.538563473385475611e+00
3.403660879553156882e+00
3.276085046582187132e+00
3.201285268696219433e+00
3.022137669180366970e+00
2.906093370669282194e+00
2.698747217147518196e+00
2.560029240726058308e+00
2.376464801448421760e+00
2.200428523425467908e+00
2.088654083108424597e+00
1.831602887987673345e+00
1.760693020941881848e+00
1.545141229945068861e+00
1.375138305031721409e+00
1.119467480308986573e+00
9.582552343842398734e-01
7.487209052933070375e-01
5.686855290238064242e-01
3.503888840935456273e-01
1.854163154344616871e-01
0.000000000000000000e+00
