1.270304721064166920e+00
2.052526405859872671e+00
2.553884923460104428e+00
2.831562011186259831e+00
2.952453559034399433e+00
3.180426295918944213e+00
3.435057628330749679e+00
3.499643990438974228e+00
3.718638971583523745e+00
3.893430640574447210e+00
4.024054811407834720e+00
4.086881421717106555e+00
4.259203366105510646e+00
4.307607448718687948e+00
4.285749117629095828e+00
4.269640616599349237e+00
4.266453234299296682e+00
4.325729618114244168e+00
4.293713007068071796e+00
4.254497283407134844e+00
4.108673678933939755e+00
4.126140353817547179e+00
4.092040439977621347e+00
4.009179033024138583e+00
3.878729268613922976e+00
3.800231441720862247e+00
3.750349311938811603e+00
3.620863164061512762e+00
3.557462129612663837e+00
3.480229709403191762e+00
3.329519726914434763e+00
3.144203951101244954e+00
3.041653734848344115e+00
2.879987707504191974e+00
2.743290308821919155e+00
2.563606942971564440e+00
2.402670644287391966e+00
2.277335048536518691e+00
2.065635888856259150e+00
1.929904887055358564e+00
1.754881780674848457e+00
1.535774410694697778e+00
1.397788568932627484e+00
1.238993970141819556e+00
1.055015805355269620e+00
7.855154048206292039e-01
5.849627110171535804e-01
4.020928014229525616e-01
2.117875362023777797e-01
0.000000000000000000e+00
