-3.247985739711953812e+00
-2.501341370730295832e+00
-2.111022425662210988e+00
-1.818935818154530981e+00
-1.726885186954336682e+00
-1.508868762170369138e+00
-1.291657331862927416e+00
-1.029695770413328271e+00
-8.480457272114230172e-01
-7.139766448952000744e-01
-6.164628225153920837e-01
-4.675699620325728390e-01
-4.387439407530537294e-01
-3.935644812636543977e-01
-4.396542341779391960e-01
-3.347847714897717597e-01
-4.121546438934736156e-01
-4.420838094614127911e-01
-5.397096720199984210e-01
-5.504796756585744744e-01
-5.591834600596585769e-01
-6.311297672737579134e-01
-6.217306916478303469e-01
-7.790821411537852681e-01
-8.466185392168315005e-01
-9.840773937641767999e-01
-1.060348129109767834e+00
-1.167676796583344778e+00
-1.278054370024020114e+00
-1.380781465957060306e+00
-1.446039632324031432e+00
-1.614246445418727305e+00
-1.772856754705406379e+00
-1.880603346092355466e+00
-2.025990769778778677e+00
-2.220832330584428416e+00
-2.362305074589149623e+00
-2.523053014085731238e+00
-2.734988740750321501e+00
-2.895579541709848215e+00
-3.085580288315171948e+00
-3.261279967123102530e+00
-3.385209978530787200e+00
-3.620755498813649442e+00
-3.824928134541270008e+00
-4.066681781146399111e+00
-4.198921264544252629e+00
-4.498463838878443255e+00
-4.668903269630734876e+00
-4.880413278828350521e+00
