1.502483739148007036e+00
2.198264691994626929e+00
2.567839125304212100e+00
2.951607630893755996e+00
3.141712508610679855e+00
3.253444759343147474e+00
3.513895581616363728e+00
3.714006454853246098e+00
3.859992172389056897e+00
4.054664768080552761e+00
4.140487614028492303e+00
4.348767719067231141e+00
4.319601875631677856e+00
4.444054627175464844e+00
4.382975101507323501e+00
4.375629192357722630e+00
4.443639200259408284e+00
4.361269592152189567e+00
4.374358494138189002e+00
4.353467500586445382e+00
4.195640439452048120e+00
4.169001464947820423e+00
4.123540260155066584e+00
4.015229459152287461e+00
3.937013821021309923e+00
3.926369551004711855e+00
3.803378303327875187e+00
3.657423362727961091e+00
3.523820044798628537e+00
3.413107846147073410e+00
3.264580715322694893e+00
3.179849466038022321e+00
3.020748920721603170e+00
2.895286090876528995e+00
2.779261458055815481e+00
2.581462939181766725e+00
2.455256909040280711e+00
2.267408585357155282e+00
2.066713679033575168e+00
1.922914375381093777e+00
1.704402963886219702e+00
1.550354028943210061e+00
1.328082107751467955e+00
1.197138380804186220e+00
9.252647456529863312e-01
8.318148750637268662e-01
6.494585392579850236e-01
3.653616646933137702e-01
2.445493258079780574e-01
0.000000000000000000e+00
