1.481870089476026386e+00
2.236103562750021201e+00
2.689326929864345406e+00
3.012329111816926641e+00
3.175741009085376376e+00
3.413446593970155263e+00
3.476253896171903612e+00
3.689382555608398562e+00
3.835724421202776124e+00
3.983192819375640070e+00
4.007629326986677398e+00
4.145040739955826226e+00
4.181116611754267076e+00
4.244188905173542636e+00
4.332798242088049534e+00
4.252612049801183680e+00
4.180023959226971009e+00
4.259482885369584082e+00
4.193332267917311285e+00
4.143049531417305253e+00
4.211686941592964750e+00
4.107662608203697552e+00
4.009086181745100674e+00
3.879602710617662709e+00
3.802404992993594579e+00
3.780764581523889500e+00
3.684881177828954080e+00
3.572544005694098246e+00
3.489085775824121605e+00
3.318110144254313276e+00
3.212523819200647779e+00
3.146477150126741229e+00
2.947492543309922386e+00
2.859479554295620396e+00
2.691672560918650703e+00
2.525219398742971411e+00
2.366859641761342115e+00
2.176221985727301522e+00
2.050583780949745361e+00
1.908624845805090509e+00
1.714153765423068965e+00
1.503263239735505241e+00
1.361603091237030494e+00
1.121933973444996901e+00
9.333734104292412681e-01
7.138056735116968810e-01
5.437670294153962303e-01
3.168668071927118746e-01
1.200026340205573305e-01
0.000000000000000000e+00
