1.757042010959602329e+00
2.449026624691349241e+00
2.910337212716687549e+00
3.214334436398496919e+00
3.413375475844161677e+00
3.602620132744434045e+00
3.787552402568943766e+00
3.998052187554425707e+00
4.145851094709439799e+00
4.252517874250553831e+00
4.355586462385332425e+00
4.463123627318362097e+00
4.550286681681681600e+00
4.589990367021305140e+00
4.518812239276540410e+00
4.548718445988478187e+00
4.471919164871494878e+00
4.486177139930092039e+00
4.473454251220200462e+00
4.416955159736207115e+00
4.321592556963695486e+00
4.294820620287231883e+00
4.162875868938909818e+00
4.086148720652189148e+00
3.990735053315343173e+00
3.948168257347326016e+00
3.743306981763950603e+00
3.685575544775376855e+00
3.640886682520302564e+00
3.463466869232813217e+00
3.438993795612224069e+00
3.217285951034066560e+00
3.103260915644453277e+00
2.952988716895324828e+00
2.822608929256723354e+00
2.651174195042652393e+00
2.509276492192888064e+00
2.263934911288325136e+00
2.186056482279259416e+00
1.950391294234552486e+00
1.803820311378616204e+00
1.575254197578168647e+00
1.435526871011728378e+00
1.187968387113659485e+00
1.028979234062645354e+00
8.631747417584705317e-01
6.627496717010430416e-01
4.517920460691460249e-01
2.298426793792742728e-01
0.000000000000000000e+00
