-3.002435914186765586e+00
-2.330134879513880986e+00
-1.901501433001801189e+00
-1.617258872229115241e+00
-1.390178909694967047e+00
-1.196813892856122719e+00
-1.103297257861642899e+00
-9.342873999287137909e-01
-7.928412016130690354e-01
-6.219000503380219813e-01
-5.106410772875485948e-01
-4.664845397419776774e-01
-4.579602113216340031e-01
-4.334288542472708450e-01
-4.034742173658111830e-01
-3.780228587482203362e-01
-4.078429213689158672e-01
-4.467962795813973376e-01
-4.334737694736072733e-01
-5.492266494741051552e-01
-5.998681618445425023e-01
-6.663090118302184006e-01
-7.694402738405669018e-01
-8.214383351412465339e-01
-9.469587013109113105e-01
-1.068940582941390494e+00
-1.146596488958832705e+00
-1.271947520193808412e+00
-1.381004611266084536e+00
-1.517292933057859727e+00
-1.712693554051085476e+00
-1.802195174829090751e+00
-1.965353947402645352e+00
-2.087208581628331228e+00
-2.243123290135355941e+00
-2.392536578905213318e+00
-2.572589200940103016e+00
-2.705227304760304374e+00
-2.955743052632783474e+00
-3.167140328814372019e+00
-3.316890137270664507e+00
-3.461508487037467496e+00
-3.732758038571169834e+00
-3.911441265030016989e+00
-4.046451433763883720e+00
-4.246866937464748304e+00
-4.454690658022915528e+00
-4.711432214051424872e+00
-4.823552998553537918e+00
-5.061619712112086944e+00
