1.668223285174877724e+00
2.377755799625094646e+00
2.780825732334868405e+00
3.102815861287656851e+00
3.319513023044738276e+00
3.408952242089025475e+00
3.660656686766812218e+00
3.838200652630336940e+00
3.916091948303772607e+00
4.034725221774021264e+00
4.158962086056656737e+00
4.279935823323937960e+00
4.292232143715053461e+00
4.353367064164912925e+00
4.330454667809488178e+00
4.392961999702391651e+00
4.388386100419138458e+00
4.374950284156203573e+00
4.266307633364341712e+00
4.228960239208381822e+00
4.185438271383659092e+00
4.130881610326433417e+00
4.145503251178391579e+00
4.005957212041218796e+00
3.924513669114158887e+00
3.847284643061912313e+00
3.724251836462801002e+00
3.529817808573665783e+00
3.506619580617346799e+00
3.461584333385028245e+00
3.328679635810788184e+00
3.197784183860169271e+00
3.070464764711020145e+00
2.882313358714554408e+00
2.718792190808967835e+00
2.645515063699067859e+00
2.443051874158677084e+00
2.311789589625222074e+00
2.091789248178606009e+00
1.973871990326144576e+00
1.698315801075255038e+00
1.476954565402433417e+00
1.354736833332959911e+00
1.158688029038903000e+00
1.027499071683803056e+00
7.323281645492629721e-01
6.350790298798427713e-01
3.303158513869730584e-01
1.503944942094443959e-01
0.000000000000000000e+00
