1.789184689893938529e+00
2.530746262766714771e+00
2.935210438850220704e+00
3.275810619935367818e+00
3.438032523087461989e+00
3.594248119474075409e+00
3.842116578747883260e+00
3.950730004975885556e+00
4.063109378033062491e+00
4.261189686245949737e+00
4.310080931706329999e+00
4.450829000902465360e+00
4.443632931617717219e+00
4.505666592844588259e+00
4.633653352864933517e+00
4.464838306621672359e+00
4.487350312987553380e+00
4.446834458777068733e+00
4.447836190380511923e+00
4.430572609163641040e+00
4.360746203687903666e+00
4.297261113620710837e+00
4.221096455838896588e+00
4.097530962225346407e+00
4.013867892318181418e+00
3.959229196777834581e+00
3.865352423842904006e+00
3.668118371467733674e+00
3.588134043777691851e+00
3.456303681713623455e+00
3.415049901384630715e+00
3.151271679785950575e+00
3.094090592053514222e+00
2.955603347867452602e+00
2.782460801563183761e+00
2.658653683166613213e+00
2.528499380349964465e+00
2.301458893302241737e+00
2.187469886509640027e+00
1.954186894387976547e+00
1.842420460794095938e+00
1.567459177121106162e+00
1.411320961876486368e+00
1.175010254614320182e+00
9.933322734771588003e-01
8.063374472640534307e-01
5.818369046733531391e-01
4.947187070146847887e-01
2.461445795287735550e-01
0.000000000000000000e+00
