1.567904788648360803e+00
2.209824862795325640e+00
2.695398099799291902e+00
2.928145140663843016e+00
3.064785095732952769e+00
3.283358647809416553e+00
3.483423191288070875e+00
3.677637214695958612e+00
3.819766623034002606e+00
4.034251102438429548e+00
4.064758888240635137e+00
4.203997515128019558e+00
4.234108881109337474e+00
4.109587795968705493e+00
4.238863934912664000e+00
4.254720047437698938e+00
4.306221901093162607e+00
4.276706458623501739e+00
4.265371013277303724e+00
4.175241045426990816e+00
4.174489353253974855e+00
4.061984738365133296e+00
3.966983873986624776e+00
3.960297364734585379e+00
3.882669350540624009e+00
3.796605202972020088e+00
3.748369322081235300e+00
3.578511065500048716e+00
3.527619806173647010e+00
3.453567162988068873e+00
3.285653674633682630e+00
3.215934284789694786e+00
3.043001370776491576e+00
2.942900082120401883e+00
2.770681011173877994e+00
2.645785462274203415e+00
2.528241639944902364e+00
2.258191031123495840e+00
2.089495712212579015e+00
1.917578974864778463e+00
1.762925458748630714e+00
1.573660282219789597e+00
1.416516917968570155e+00
1.203617328557968325e+00
1.031200743087977045e+00
7.568217879563055028e-01
6.569541665784202067e-01
3.418608559216327336e-01
2.431057095150999103e-01
0.000000000000000000e+00
