1.379566128534692737e+00
2.018949818907345151e+00
2.461738579716007180e+00
2.721245549353723536e+00
2.898233760521499391e+00
3.121031011014057555e+00
3.365131332869216951e+00
3.605720486349730081e+00
3.777118729809533448e+00
3.956272387131010593e+00
4.095351435928870742e+00
4.161614906367804956e+00
4.162143500423930220e+00
4.312731494797313658e+00
4.264416732588531822e+00
4.364905514237119810e+00
4.291630484992991157e+00
4.327712053751731069e+00
4.296721150308576043e+00
4.285553532947366406e+00
4.170674864507107671e+00
4.114531940408765465e+00
4.078087768652414624e+00
4.019754665662468973e+00
3.933865257802990456e+00
3.841516792045569506e+00
3.706194288383693802e+00
3.691170041565382753e+00
3.530002373486362366e+00
3.421322662970090356e+00
3.367921324717600307e+00
3.190430229899792636e+00
3.018472815358408390e+00
2.942029127221023277e+00
2.687227170125033204e+00
2.619157111969565577e+00
2.350811406008609605e+00
2.237079190153273167e+00
2.035138789824799233e+00
1.861133873720139942e+00
1.668438552273625142e+00
1.490466097303598580e+00
1.359830071205656132e+00
1.193562883786416062e+00
1.012650436090001715e+00
8.210305357040708074e-01
6.058798768170241544e-01
4.146793525490082288e-01
1.876984735166828955e-01
0.000000000000000000e+00
