1.174300516392918770e+00
1.869331824699184352e+00
2.300489009130141760e+00
2.632333698399703437e+00
2.823992235260827321e+00
3.033474606847955446e+00
3.282720058880235214e+00
3.562470450468692817e+00
3.777634165063702198e+00
3.948954120863960249e+00
4.076003423861567221e+00
4.184855409240528346e+00
4.182818716046346808e+00
4.350533822574806919e+00
4.363697949340502369e+00
4.389823003887136643e+00
4.362910544064966700e+00
4.347108022350195000e+00
4.332515880193646751e+00
4.309225685358631708e+00
4.203593496052303813e+00
4.183882437082256267e+00
4.159641942460698516e+00
4.103945206011941238e+00
3.981341306720337148e+00
3.908592669365556826e+00
3.815910238197815829e+00
3.719254871951057417e+00
3.626976486007778000e+00
3.457978524166140488e+00
3.321783018322072678e+00
3.216617842108701275e+00
3.124370646417488295e+00
2.950079620436347305e+00
2.729977363861481710e+00
2.655287968756970596e+00
2.470337317563820356e+00
2.318899525709241072e+00
2.166408117232500707e+00
2.002441722467399821e+00
1.771195953177360671e+00
1.620545130066326500e+00
1.362507465675063756e+00
1.134317861761271029e+00
1.002003332256574009e+00
8.473899016956418784e-01
6.201909172709658691e-01
4.195428284172635358e-01
1.962828073034792453e-01
0.000000000000000000e+00
