1.240475028205361596e+00
1.917596795482931160e+00
2.449722394967207340e+00
2.645771809719913215e+00
2.923385676119020893e+00
3.032021389923110100e+00
3.219924889751020203e+00
3.407437713476941354e+00
3.599918627599509424e+00
3.734262005459961120e+00
3.839211166843244261e+00
3.984662012316670054e+00
4.020353300159500876e+00
4.027845680527373240e+00
4.121573903376767767e+00
4.142856993343752237e+00
4.080601747091808562e+00
4.159328265344377940e+00
4.087276208922959064e+00
4.092592819719651054e+00
4.053347426767508033e+00
3.919036596661601202e+00
3.912012267678070643e+00
3.828514538570566561e+00
3.757021439575020327e+00
3.707634330071753581e+00
3.584413966664268258e+00
3.393220541358232367e+00
3.370097005471702545e+00
3.224029383568455920e+00
3.170560385817916771e+00
3.077587672879721126e+00
2.983641208022239422e+00
2.805208729027425463e+00
2.628858762755166723e+00
2.521409888423934209e+00
2.375894280408570314e+00
2.176281854472332800e+00
2.034228976741902173e+00
1.841328012801226155e+00
1.622184040666234228e+00
1.532611521774781771e+00
1.266707176587585693e+00
1.106325204451096500e+00
9.111457149431361202e-01
7.649631892336037353e-01
4.774938118524865160e-01
3.942517026985230544e-01
1.170843526679101743e-01
0.000000000000000000e+00
