1.626998646650672509e+00
2.376807934404542522e+00
2.729024037521223800e+00
3.145641659761516884e+00
3.258822634076678160e+00
3.500802179001469394e+00
3.596874789593324628e+00
3.796791676613711086e+00
3.969663437560464914e+00
4.111312306469389277e+00
4.259830446459369035e+00
4.384512098965357652e+00
4.374023830026017912e+00
4.461666234758870253e+00
4.471467309621671049e+00
4.447814460854157659e+00
4.437099827740563107e+00
4.360345215389186180e+00
4.361346946992628482e+00
4.424978112373764816e+00
4.267300263215313194e+00
4.234209535939259084e+00
4.198233090302956327e+00
3.978737176179629742e+00
3.999732145740016342e+00
3.886300574060338686e+00
3.802300846161416725e+00
3.705231064848049094e+00
3.635247258040526397e+00
3.456303681713984499e+00
3.331994155473766650e+00
3.190908040843901006e+00
3.050090233967261533e+00
2.911602989781247430e+00
2.722648107973094866e+00
2.592336781233053333e+00
2.413426551373844653e+00
2.221807423252166735e+00
2.057300926325735357e+00
1.897587069492650436e+00
1.708386736275968154e+00
1.529612786594851670e+00
1.307207722526028348e+00
1.199260103476273542e+00
8.963620811316945769e-01
7.093672549185887632e-01
5.155200021795591780e-01
3.407803794188328794e-01
2.113400276284744805e-01
0.000000000000000000e+00
