1.616284083581480679e+00
2.369085247534413519e+00
2.793181745542730354e+00
3.001697332336678237e+00
3.335701253573609470e+00
3.397102106807000865e+00
3.702061755789684661e+00
3.818613215005271844e+00
3.864185608003964489e+00
3.997751349658624331e+00
4.122455238393120780e+00
4.265991228895977372e+00
4.263850257331550431e+00
4.294939132131542436e+00
4.347699673946485710e+00
4.262708884138564081e+00
4.316989314303310010e+00
4.293058389540037822e+00
4.298525807090080697e+00
4.118643365764588893e+00
4.188661961313704829e+00
4.198670782724105877e+00
4.074234931715231767e+00
3.932063024999906897e+00
3.866893002743438501e+00
3.829686845904375581e+00
3.662045617346330495e+00
3.613596299450780869e+00
3.527582045870986338e+00
3.425651975496760038e+00
3.300940176018941408e+00
3.166588321986233190e+00
3.021718187549567336e+00
2.882909093315000781e+00
2.737963285606882735e+00
2.540298771929788035e+00
2.433083898281907853e+00
2.260562991764346386e+00
2.098884118066649318e+00
1.952788393974844716e+00
1.773583392752356325e+00
1.565165129119451048e+00
1.348622758959364454e+00
1.199782418450408006e+00
9.793132474771577556e-01
8.025624022821884473e-01
6.329803268112463854e-01
4.183988394817887979e-01
2.261110499867786672e-01
0.000000000000000000e+00
