1.466088861910861407e+00
2.266315801254956686e+00
2.667515020741326737e+00
2.915164212847339620e+00
3.194572895497834963e+00
3.371446211644477220e+00
3.554851227827769300e+00
3.659497244644211555e+00
3.850014878491388348e+00
4.009409625954313050e+00
4.068826509305611516e+00
4.257821299052936048e+00
4.261403329680215180e+00
4.257216336468040652e+00
4.174037632832335198e+00
4.293432027877414292e+00
4.239031039537459300e+00
4.259837497131384154e+00
4.290437619931570801e+00
4.103552548779477505e+00
4.120276883008859414e+00
4.061095502727344986e+00
4.019511874669005280e+00
3.853369256848770075e+00
3.806891538534870278e+00
3.706746208884141858e+00
3.604550544745463103e+00
3.539606951180937600e+00
3.474903848258986905e+00
3.340699783890433761e+00
3.261858001945787677e+00
3.102892308500775354e+00
2.978419876458818116e+00
2.825974469157133129e+00
2.696828938168316370e+00
2.559805801060626163e+00
2.426227878510006430e+00
2.236271961105798844e+00
2.023651101870840741e+00
1.921019265409635857e+00
1.743267036422736727e+00
1.491771074086428506e+00
1.346432036818346667e+00
1.148002853804253487e+00
9.726903525158836494e-01
7.691357241126373090e-01
5.801309626787594098e-01
3.152197210250253789e-01
1.596925372038384694e-01
0.000000000000000000e+00
