1.168754091877340695e+00
1.691722158997458259e+00
2.196053022204668803e+00
2.587280251299989509e+00
2.847172868282711988e+00
2.917764918136152019e+00
3.226967266280418301e+00
3.500098669127379658e+00
3.627564725293126457e+00
3.806010692351755154e+00
3.963880803518609053e+00
3.977755397765498024e+00
4.126254602889959600e+00
4.093629241004286712e+00
4.187784690234010121e+00
4.142281167241665507e+00
4.203972116713948992e+00
4.092017557935457184e+00
4.037593103942119122e+00
4.059226802243341758e+00
4.046788428149554306e+00
3.984231500409645577e+00
3.907226513414737923e+00
3.836223775076121445e+00
3.815196335114278803e+00
3.659283191363480903e+00
3.641911014780982114e+00
3.553354008582804369e+00
3.433690957899819818e+00
3.239374012311425410e+00
3.223733930024219596e+00
3.097258412547526873e+00
2.927794787134851084e+00
2.899834407777926337e+00
2.691195042214635791e+00
2.602229629844190040e+00
2.356086723517913484e+00
2.268504155764894836e+00
2.023651101879710534e+00
1.900943367606943823e+00
1.692641947083014742e+00
1.588235896821769799e+00
1.354736833361854131e+00
1.164443524018608844e+00
1.027499071635891159e+00
8.287929871421635397e-01
6.586152299251635256e-01
3.724600581018382428e-01
2.120547655025513123e-01
0.000000000000000000e+00
