-2.840010866651704102e+00
-2.840010866651704102e+00
-2.285493122203747784e+00
-1.846048206736504049e+00
-1.683862163493238029e+00
-1.417871642055938519e+00
-1.195661320982379427e+00
-9.979427922564673148e-01
-8.493173696834741548e-01
-6.753524459096879040e-01
-5.832480382764592131e-01
-5.415295904356426382e-01
-4.900385743108917058e-01
-4.535521710022270003e-01
-3.797697592731921201e-01
-4.080375886134677832e-01
-4.080375886134677832e-01
-4.515061307355188736e-01
-4.713794987941775649e-01
-5.339344255377669324e-01
-5.492717676168250573e-01
-6.172796419718887817e-01
-6.843821747251035426e-01
-7.606120541453735839e-01
-8.226408198840051700e-01
-8.779009552763320512e-01
-1.001962926597868009e+00
-1.202273041762863537e+00
-1.267280613561973635e+00
-1.406603291269259870e+00
-1.441407842065111744e+00
-1.603593885308377542e+00
-1.552460536704423744e+00
-2.008234249979769626e+00
-1.918976829454085653e+00
-2.061646807029578365e+00
-2.061646807029578365e+00
-2.400565951184459923e+00
-2.285493122203747784e+00
-2.562751994427727720e+00
-2.400565951184459923e+00
-2.562751994427725943e+00
-2.400565951184459923e+00
-2.840010866651704102e+00
-2.840010866651704102e+00
-2.840010866651704102e+00
-2.840010866651704102e+00
-2.840010866651704102e+00
-2.840010866651704102e+00
-2.840010866651704102e+00
