1.448636215584004017e+00
2.166522239900645186e+00
2.622433367112989799e+00
2.878509910731250621e+00
3.120060573139509685e+00
3.286734281567844640e+00
3.457720214431060590e+00
3.688018190420256914e+00
3.755595540126841492e+00
3.915792667723075215e+00
3.994697987560613228e+00
4.115188563629252450e+00
4.218157286288505503e+00
4.172502943670564513e+00
4.205803452147002908e+00
4.193334929378520926e+00
4.218756039476012631e+00
4.224624137703512083e+00
4.112195753107353191e+00
4.123058771257452904e+00
4.075006448403718728e+00
4.043538441405865491e+00
3.958384641283323901e+00
3.831867104750697806e+00
3.825866440620054654e+00
3.730514667355401937e+00
3.714761395348708639e+00
3.558801037467462791e+00
3.474492343336360367e+00
3.364767052742745790e+00
3.230635917678911007e+00
3.083133533487485423e+00
2.906089140357055456e+00
2.907222303701105126e+00
2.754863652971363930e+00
2.562597232089517618e+00
2.377908351849029156e+00
2.143100630476802326e+00
2.017736449537302690e+00
1.910901460511571059e+00
1.733103126764406809e+00
1.579054191821104514e+00
1.378425722590742808e+00
1.158224575111966193e+00
8.840149394189067422e-01
8.063374473207658433e-01
5.596089647368822639e-01
4.779330278691773515e-01
2.293588991093082896e-01
0.000000000000000000e+00
