1.990815951158337871e+00
2.726933915261534391e+00
3.169543021901443325e+00
3.476882307118981164e+00
3.698360772330851809e+00
3.866869728286183694e+00
3.971891455604254162e+00
4.152598162248318125e+00
4.355213488510864650e+00
4.399222051789494436e+00
4.578514920107743080e+00
4.626067964627590179e+00
4.695730917271188964e+00
4.644892422648981167e+00
4.631484369326253514e+00
4.641063973112331986e+00
4.728330022490216500e+00
4.685988127801901548e+00
4.603938845298675808e+00
4.534627992752953141e+00
4.429480197229570315e+00
4.481829528288187703e+00
4.303540457799229557e+00
4.258188852749240638e+00
4.162259831267674848e+00
4.028417830395249588e+00
4.000972382264632365e+00
3.787935503163617490e+00
3.789158609075319539e+00
3.566937557595811548e+00
3.417313747427145998e+00
3.320938388735825697e+00
3.217471949896752115e+00
3.073471568256926911e+00
2.950411518694908697e+00
2.621490196099326653e+00
2.525329787659751357e+00
2.381748119828086985e+00
2.141212500271868713e+00
1.930115096012543052e+00
1.793742117996880658e+00
1.716861071985257503e+00
1.483816918002379026e+00
1.199856396381516532e+00
1.013692502101084081e+00
7.508046265884296133e-01
6.591700148186152575e-01
4.823896360382429194e-01
3.623115709398359030e-01
0.000000000000000000e+00
