1.597382929641263161e+00
2.313026594837117589e+00
2.777493460281418081e+00
3.048126200837780075e+00
3.188611341523483134e+00
3.423877899877042275e+00
3.601096182343953789e+00
3.851103390974302432e+00
3.848497322742660653e+00
4.012847480851769788e+00
4.090438155323699476e+00
4.206376997231783932e+00
4.207791604634237181e+00
4.235324900467357878e+00
4.250675019077955419e+00
4.277805015331712646e+00
4.178690964940722452e+00
4.123105111953926816e+00
4.151435895039945478e+00
4.181181793920843326e+00
4.063198937771671737e+00
4.038020250003719447e+00
3.931564954139772361e+00
3.868861325342634050e+00
3.737197135469126241e+00
3.720721005775796897e+00
3.697362660204713158e+00
3.539435010118057612e+00
3.536707916977656296e+00
3.466563515144431840e+00
3.265575793081231915e+00
3.178710461783334829e+00
2.962103955885949880e+00
2.873570147716414169e+00
2.750085425407180928e+00
2.594863514121350967e+00
2.423744952681758047e+00
2.275659122948356927e+00
2.116932292183892006e+00
1.863530973443164651e+00
1.738219009783223523e+00
1.568230278168005754e+00
1.424107300830129486e+00
1.118144275870786686e+00
9.506156855922274218e-01
8.434739422608368287e-01
5.874026235068807722e-01
3.762546325139899395e-01
2.007056878423076896e-01
0.000000000000000000e+00
