1.757962800146822602e+00
2.487083735019302466e+00
2.893075389286033250e+00
3.205404012887819398e+00
3.430475794794269007e+00
3.599864662416805139e+00
3.723998692916255404e+00
3.933727126338205871e+00
3.999434439971165212e+00
4.102339562382378624e+00
4.272374577161987652e+00
4.298986865875623842e+00
4.378014062960261299e+00
4.372146851309170579e+00
4.388483499662580556e+00
4.392828026367561201e+00
4.384611359478052250e+00
4.341301446579928225e+00
4.343760471662209355e+00
4.298477423060206526e+00
4.224797108169552118e+00
4.169775181547207055e+00
4.102161436879603329e+00
3.916776220795149310e+00
3.890832899192974814e+00
3.820612406862321730e+00
3.713939478572823027e+00
3.565944587006378619e+00
3.535783354825964064e+00
3.496535262436168523e+00
3.177395320514051491e+00
3.176984619180500680e+00
2.945410315490592623e+00
2.917359493325578423e+00
2.727159867231954582e+00
2.578588769776154699e+00
2.446136389528571264e+00
2.245624552635058890e+00
2.132463811672331122e+00
1.896410014266591837e+00
1.665334403471093072e+00
1.641748742155963559e+00
1.334411667530998269e+00
1.199472213615089711e+00
9.783768542148685299e-01
8.071295429967264567e-01
5.593631117081256932e-01
3.500244035598090164e-01
1.507434868552213203e-01
0.000000000000000000e+00
