1.688809692523645101e+00
2.386463723346233579e+00
2.843127550193769171e+00
3.060960239817588580e+00
3.304639979313671816e+00
3.440213544426481196e+00
3.671387059409558340e+00
3.821255073492164200e+00
3.929601273980761533e+00
4.078903042900498654e+00
4.146019517906902152e+00
4.124921403893058169e+00
4.253207820641970116e+00
4.346464844641085179e+00
4.278456974595904683e+00
4.279104850249829894e+00
4.261525780258117457e+00
4.220121022784041998e+00
4.222172971777152561e+00
4.173887412567296451e+00
4.161974338481088331e+00
4.103864284519415762e+00
4.023755916302457436e+00
3.931391299941179085e+00
3.857453239217127017e+00
3.726227821445168065e+00
3.674383905469670086e+00
3.521074676415205218e+00
3.583632738387057870e+00
3.418076854146728571e+00
3.199469761823133140e+00
3.082525777674267164e+00
2.962916429196710943e+00
2.887310577435021841e+00
2.727077638174849827e+00
2.509229364423870567e+00
2.421534066455163003e+00
2.177780965822104342e+00
2.041999321616551288e+00
1.846018862604331900e+00
1.741910227699647429e+00
1.514650283847942980e+00
1.328483543599033201e+00
1.154577724682596340e+00
9.317052065811095574e-01
7.701546040600701915e-01
5.686855286262382236e-01
3.888464283147063938e-01
1.509452378220563773e-01
0.000000000000000000e+00
