1.445745348649738915e+00
2.122867115927308035e+00
2.549201045262737164e+00
2.836703677455038708e+00
3.137018670491124261e+00
3.237291710367489195e+00
3.407926341449317054e+00
3.626550245592305544e+00
3.781994044983743475e+00
4.009160988833064820e+00
4.079520711014806622e+00
4.115875359506812714e+00
4.214194271626266364e+00
4.224574751183521215e+00
4.285325506348470981e+00
4.356489987715838730e+00
4.336102990489481002e+00
4.316780525528861823e+00
4.324996747292272126e+00
4.223806166909766624e+00
4.163686472689428264e+00
4.109968464396721366e+00
4.085030694362384196e+00
4.039379355804912919e+00
3.942070848354225276e+00
3.803426318325407784e+00
3.769463375443673492e+00
3.612333073473617429e+00
3.458412140520497058e+00
3.464338927739690988e+00
3.287979262580002615e+00
3.218843388521670512e+00
2.969268404332074063e+00
2.885904586087000290e+00
2.789473094742694670e+00
2.544273253962400005e+00
2.356613439677931243e+00
2.249210477183565260e+00
2.057092342283701747e+00
1.806951040873776115e+00
1.714255071838561406e+00
1.487844355296586762e+00
1.355022311697976267e+00
1.106325204488382230e+00
9.384290149037286533e-01
7.742659339963262610e-01
5.620174496521528340e-01
3.441864451071481312e-01
1.573417635520319990e-01
0.000000000000000000e+00
