1.838360649641364031e+00
2.564693947705723787e+00
2.995907241569258694e+00
3.305216705606177641e+00
3.483426782471115146e+00
3.669824358095247874e+00
3.839026698895771972e+00
4.049549737403044247e+00
4.163118614191245292e+00
4.293585097022313946e+00
4.372053199969318626e+00
4.425762837277051887e+00
4.527393851117521351e+00
4.510090928776140373e+00
4.540553925582011985e+00
4.521298477392983628e+00
4.542257730201169963e+00
4.544012968199378832e+00
4.472539928976035029e+00
4.421687797362122474e+00
4.348143332524415428e+00
4.313970095035477570e+00
4.231534668946515865e+00
4.161503984549138835e+00
4.007430290459468303e+00
3.922671473139893727e+00
3.844725657727882329e+00
3.725329194433340874e+00
3.569916763765370149e+00
3.468939338876082523e+00
3.345441568475127525e+00
3.183668845966732164e+00
3.032159097470541909e+00
2.918099285473044091e+00
2.672444658256026617e+00
2.618808255902891791e+00
2.485230333358512844e+00
2.245520928076225609e+00
2.037606005462504477e+00
1.972152614027745887e+00
1.710371797157455021e+00
1.561512428927875007e+00
1.351029788588641978e+00
1.176417163046642678e+00
9.890191505306509256e-01
8.000115796553890490e-01
5.733319325208254824e-01
3.436340312746306580e-01
1.619848089935631563e-01
0.000000000000000000e+00
