1.751447514169706121e+00
2.503479494421181784e+00
2.929323827612257514e+00
3.164083951151534624e+00
3.427028678391948802e+00
3.516130889356576361e+00
3.770528556801419739e+00
3.882979358573712680e+00
3.925462017997678021e+00
4.017403208289699990e+00
4.163115690447783734e+00
4.207491643602491393e+00
4.238223258661849790e+00
4.277926944001475107e+00
4.356626196033285048e+00
4.337853628754198887e+00
4.261054347637212025e+00
4.306967250919297996e+00
4.253065174508439128e+00
4.191717538811550625e+00
4.175735311528566029e+00
4.172270938101604543e+00
4.040326186753288695e+00
4.051344169856351485e+00
4.032879259578423081e+00
3.881851355410142368e+00
3.772751708701334028e+00
3.659760136320133306e+00
3.599975142871922884e+00
3.482453484128612331e+00
3.359342325568547949e+00
3.228245540708620354e+00
3.106029092783378687e+00
2.902738231649596656e+00
2.769196372204559609e+00
2.625358786590251459e+00
2.459026006944363019e+00
2.277588113839568607e+00
2.092610541795096424e+00
1.939122943447873837e+00
1.756707097086002811e+00
1.604698924467076182e+00
1.409711462556699768e+00
1.173832640582257003e+00
9.691665404552978202e-01
7.517885748197281615e-01
6.218381325423596451e-01
2.978537174394144671e-01
1.827294636254741533e-01
0.000000000000000000e+00
