-3.323190138770112156e+00
-2.610985437348461335e+00
-2.134708254640188319e+00
-1.843629328238670428e+00
-1.597689247517943834e+00
-1.456424478096023822e+00
-1.255773850284061410e+00
-1.028837559113852551e+00
-8.639290860751768220e-01
-7.279539068780006561e-01
-6.136111514417361690e-01
-4.403049691768051166e-01
-4.488402316560936578e-01
-3.896980827541635106e-01
-4.194483428161886462e-01
-4.628127738368400523e-01
-4.407116927513519689e-01
-4.046163308690253202e-01
-4.968416856467074982e-01
-5.163523969730324792e-01
-5.487459080377153908e-01
-6.259457280757880770e-01
-7.034286663189802669e-01
-7.530911525032212284e-01
-8.489028970385152917e-01
-9.023441967495591243e-01
-1.032978046089936042e+00
-1.131552250605640575e+00
-1.193218206057375275e+00
-1.381506671131693009e+00
-1.462350309044353036e+00
-1.587430483766429035e+00
-1.664263954587586802e+00
-1.920380332832762882e+00
-1.975943733913795741e+00
-2.215228878843785498e+00
-2.307519276293987343e+00
-2.520983831078827730e+00
-2.700594777625216381e+00
-2.966514331177596553e+00
-3.034047634440012686e+00
-3.231633982508607783e+00
-3.465648676213371804e+00
-3.580088576085759033e+00
-3.816047806667364206e+00
-4.030262402782879505e+00
-4.190674820215696705e+00
-4.445350257757527679e+00
-4.649074504046219580e+00
-4.772018067732558322e+00
