1.796701689633685817e+00
2.464109360812548832e+00
2.902959924236449218e+00
3.203098740653052001e+00
3.366510637921499072e+00
3.516740542420345506e+00
3.637063001738780166e+00
3.834027845840119131e+00
3.946225771854040332e+00
4.104754782559113302e+00
4.181004911046906969e+00
4.297686296870225853e+00
4.253493890483791340e+00
4.358343249250119733e+00
4.376477958874056995e+00
4.434590115949785805e+00
4.403181213076537759e+00
4.369984236020825641e+00
4.370985967624265278e+00
4.242787900900611753e+00
4.172310912467682265e+00
4.139220185191652135e+00
4.094910104794260874e+00
4.044556930998831845e+00
3.955050549908136759e+00
3.815318427203226115e+00
3.753966256903987109e+00
3.622425397094476196e+00
3.568129875547940699e+00
3.462755434485938366e+00
3.268704553387629552e+00
3.181030995807241801e+00
3.023189343164019327e+00
2.840620842925420497e+00
2.732287128605635385e+00
2.568899115529677424e+00
2.426227643808314571e+00
2.290376329795184684e+00
2.016239264695902200e+00
1.826604922642383499e+00
1.660052147044098980e+00
1.523055262665597542e+00
1.356123553539489546e+00
1.116454435609568474e+00
9.649309875604012987e-01
7.221683470649775671e-01
5.813397568619294020e-01
3.309033347358267818e-01
1.037841980946634379e-01
0.000000000000000000e+00
