-3.628422651358988560e+00
-2.839165579356210500e+00
-2.532602463621908662e+00
-2.069731543495577419e+00
-1.992862357570565734e+00
-1.722163054410619898e+00
-1.566101973183915197e+00
-1.277224017176355808e+00
-1.009531474660298578e+00
-7.455373526815973761e-01
-7.133721869312480424e-01
-5.703209703485763171e-01
-4.447967889515785922e-01
-4.749120605753403557e-01
-4.439884857045247601e-01
-4.239647803364775536e-01
-4.177073544889837731e-01
-4.493288152080929243e-01
-4.154002999853267375e-01
-4.258197108806349163e-01
-5.139180488787661316e-01
-5.533935971283120425e-01
-6.219872806576818292e-01
-7.776312953914925608e-01
-7.095291322258057143e-01
-8.594352546634858037e-01
-9.378210310372505631e-01
-1.050110864944468814e+00
-1.154370212557141562e+00
-1.295545463368957817e+00
-1.407005132130729974e+00
-1.552602624607497317e+00
-1.681847400391323966e+00
-1.770479644692922960e+00
-1.960631940424331532e+00
-2.075855114028904325e+00
-2.288379702402118188e+00
-2.430451144989493439e+00
-2.645249600706085946e+00
-2.765480294415247009e+00
-2.948086426681809868e+00
-3.112517710837822804e+00
-3.282395344440077523e+00
-3.553181767898719645e+00
-3.752191670208837149e+00
-3.896050000274164926e+00
-4.163768012708880306e+00
-4.300747661110479569e+00
-4.529958231612136288e+00
-4.712440049896710725e+00
