1.649944193142185878e+00
2.322326663316161444e+00
2.761209785135362527e+00
3.089543825410445699e+00
3.222722214255268280e+00
3.498686548497710991e+00
3.611574365821176968e+00
3.856676432428736589e+00
3.936940929448035753e+00
4.100529931408609663e+00
4.287948068022670256e+00
4.329251653399458277e+00
4.392530498349261237e+00
4.385261751036019007e+00
4.447982673306434265e+00
4.385756315551421203e+00
4.384846324119932248e+00
4.374830212822464759e+00
4.264317178040251122e+00
4.280538877868862890e+00
4.245261498920053889e+00
4.155885535818678811e+00
4.104024194487385202e+00
3.980147226984781739e+00
3.943736668347792573e+00
3.784700825516444489e+00
3.736044177400275945e+00
3.613284139860282629e+00
3.523820044799023332e+00
3.387292437692415170e+00
3.333529205699101716e+00
3.200366783793079151e+00
3.030876043916561624e+00
2.919327660504074995e+00
2.723356681108128452e+00
2.534349724914324309e+00
2.390749650000711046e+00
2.202901326328110088e+00
2.060101958252130494e+00
1.864121499223877265e+00
1.711125811231146709e+00
1.518336945924625425e+00
1.373947271013709948e+00
1.094765031106410103e+00
9.353918685911324360e-01
6.696288323171186718e-01
6.174414556698524237e-01
3.620421431879252694e-01
1.319843421517390425e-01
0.000000000000000000e+00
