1.392270876887322650e+00
2.165546787264377659e+00
2.591391120455452501e+00
2.797567658401873825e+00
3.089095971235144233e+00
3.275647015262874717e+00
3.459272399444083490e+00
3.716323995091196153e+00
3.776391903883606904e+00
3.973609515153020411e+00
4.026745055659542771e+00
4.143354583572425476e+00
4.223127127468709219e+00
4.298147855666598183e+00
4.332191119241340260e+00
4.349533290631097948e+00
4.350903922231041498e+00
4.394442931305246880e+00
4.215829005281999109e+00
4.214745479540159323e+00
4.178687354447641944e+00
4.121810423970834414e+00
4.009541770298779895e+00
3.987207109826319318e+00
3.908817288256969835e+00
3.814220823392447279e+00
3.676017434971003972e+00
3.592129604302797041e+00
3.433319779389232718e+00
3.404155653277967986e+00
3.312229111305490470e+00
3.219256398368262495e+00
3.075244676329488946e+00
2.899764240253713155e+00
2.741599223611980385e+00
2.607173836962702218e+00
2.476420051722559634e+00
2.345547728551596212e+00
2.086640281707098143e+00
1.947914506143177071e+00
1.750736837007530244e+00
1.554238410310091467e+00
1.352471125166307520e+00
1.231665132161702925e+00
1.026999032067819506e+00
8.147166767688913680e-01
6.613067440348965320e-01
4.387419558580276657e-01
2.057574039346521388e-01
0.000000000000000000e+00
