1.495546635375337274e+00
2.184178918141224557e+00
2.586808626411901457e+00
2.862135401458436590e+00
3.115816097793910000e+00
3.283009985743496451e+00
3.469236172311536581e+00
3.595753506869838745e+00
3.795507929514023715e+00
3.979699347388137021e+00
4.103099124324710800e+00
4.148503965053067510e+00
4.184579836851513690e+00
4.261212750941074212e+00
4.207152110280071966e+00
4.192687138509714195e+00
4.183487184324214958e+00
4.215401629316136933e+00
4.189838795929785142e+00
4.149946253991122269e+00
4.139453366834776382e+00
4.086228909750085236e+00
4.032721748293077724e+00
3.983208381650588326e+00
3.897874790331614214e+00
3.817304492959156637e+00
3.691777900402715584e+00
3.599444896497787205e+00
3.559105294810014364e+00
3.474456667729410420e+00
3.324103176193443865e+00
3.132316379306564258e+00
3.005659343254231342e+00
2.876503400064205351e+00
2.731374544158236883e+00
2.592308501690224087e+00
2.363366169771073277e+00
2.279827656770347488e+00
2.096535891358389136e+00
1.935525736603189273e+00
1.750693676836853285e+00
1.510159962300678060e+00
1.351029788493117501e+00
1.170974902252078120e+00
1.023325879173418329e+00
7.535076570120686767e-01
5.958731070127454288e-01
3.839559103279901464e-01
2.209146936730688182e-01
0.000000000000000000e+00
