1.201784592703349919e+00
1.897869173383752273e+00
2.426686130505083305e+00
2.663070713119379818e+00
2.921544103419894789e+00
3.043284524151661508e+00
3.179863828457589747e+00
3.430525166424233774e+00
3.643951961641945569e+00
3.766406476491100275e+00
3.869084060049784668e+00
3.925918263401500408e+00
4.100151511199203291e+00
4.101334267876287853e+00
4.131926572639287976e+00
4.126295218189672376e+00
4.171118665169699646e+00
4.126101175221080553e+00
4.146869933913830408e+00
4.174651355203928382e+00
4.056529449379239871e+00
4.007880475107127083e+00
3.956972897065624384e+00
3.876816741219759166e+00
3.843939297419706413e+00
3.745789750038388988e+00
3.645415679190223912e+00
3.505307422806660078e+00
3.438071226240374756e+00
3.234244220057558739e+00
3.191926004526320249e+00
3.101752320449370437e+00
2.962441018134133408e+00
2.893661529095773233e+00
2.684112236145304919e+00
2.509129241910246666e+00
2.331959127824327460e+00
2.230521666264581260e+00
2.020770463157842922e+00
1.870002214791474326e+00
1.649992517642199896e+00
1.491473329098439216e+00
1.310963575907360124e+00
1.199856396455138086e+00
9.353946713817515857e-01
7.617642164056874776e-01
5.308069269446864524e-01
4.222767552332982177e-01
2.110851177937833612e-01
0.000000000000000000e+00
