1.130620799606921079e+00
2.005533228291171532e+00
2.393261970000069905e+00
2.593729338247372063e+00
2.874608836430478487e+00
3.082727681009393983e+00
3.245873943317111987e+00
3.425124489639163272e+00
3.647456716736125149e+00
3.808720060845036670e+00
3.900408930761605664e+00
4.017644836903407679e+00
4.105585636436571484e+00
4.151274739158037796e+00
4.238380090017088264e+00
4.205927304952647106e+00
4.225409001747704174e+00
4.206403650695657248e+00
4.218801660863473302e+00
4.171724143041339872e+00
4.163893911607579490e+00
4.098605148897867423e+00
3.978185275473469229e+00
3.975901096074559771e+00
3.948468135782476907e+00
3.865066769155473203e+00
3.756382204142313164e+00
3.628684955644635224e+00
3.558710240381452117e+00
3.442338787682978740e+00
3.392775930383430172e+00
3.217582195941502743e+00
3.074489255015619094e+00
2.919714294702232316e+00
2.769353392985288487e+00
2.592965079338077405e+00
2.478258368481544238e+00
2.279047589326472778e+00
2.141657955753135223e+00
1.938794916563853832e+00
1.783099814233663594e+00
1.542776306228088146e+00
1.470075854452149056e+00
1.169673756553323063e+00
1.004121849856435933e+00
7.827715930176641912e-01
5.702470213475159255e-01
3.939112873899022205e-01
2.253778353538908874e-01
0.000000000000000000e+00
