-3.284825665383768190e+00
-2.496968406042816557e+00
-2.024308639293071810e+00
-1.795511633871349932e+00
-1.541274959427890501e+00
-1.356025383631073389e+00
-1.143283273562884395e+00
-1.037537495269883925e+00
-7.835598813042035093e-01
-7.536040382934534598e-01
-5.831615931960664190e-01
-5.712315215696610604e-01
-4.465856656096206523e-01
-4.132589251627440952e-01
-3.642087985954823304e-01
-5.310037113414172172e-01
-4.046688230291609623e-01
-3.952219594718062168e-01
-4.642642364375535458e-01
-5.204979674651518673e-01
-5.903894897787639318e-01
-6.449417522170191042e-01
-6.384947195101049466e-01
-7.556579568705539263e-01
-8.296461077056731526e-01
-9.540956855708577766e-01
-1.043375697598389662e+00
-1.127652719937829451e+00
-1.202608934441733890e+00
-1.326962918882893749e+00
-1.450862474925792789e+00
-1.567384595429965222e+00
-1.765370933840730849e+00
-1.891441339639418961e+00
-1.979128919791633967e+00
-2.197408146304198784e+00
-2.301406696669578089e+00
-2.432511447315268693e+00
-2.698340211574045355e+00
-2.872155357435572043e+00
-3.028237489385546155e+00
-3.146969032194605997e+00
-3.435796961604639321e+00
-3.545310063182054883e+00
-3.742005845577308421e+00
-3.960451928930449839e+00
-4.141578465550165511e+00
-4.345620459760570320e+00
-4.452898678952957212e+00
-4.732039223337177525e+00
