1.682152487936630525e+00
2.434730983870843968e+00
2.807607595674908474e+00
3.106911571909177994e+00
3.251940371720298373e+00
3.457685168142914378e+00
3.569646522979238235e+00
3.732636635507945222e+00
3.861308949159016901e+00
4.025289149194770211e+00
4.004538745740055639e+00
4.094428815438864611e+00
4.108285673648917502e+00
4.267574065295906216e+00
4.274154102879793804e+00
4.288248622853316760e+00
4.277721585085978440e+00
4.201667646792698108e+00
4.153754904286752314e+00
4.145723797213698880e+00
4.130901619395859647e+00
4.077596011015867106e+00
3.988235961783602512e+00
3.863778669420483425e+00
3.893684281442570505e+00
3.696426963526813658e+00
3.679699897667044528e+00
3.536339526594481253e+00
3.525762380950903996e+00
3.366424710326971326e+00
3.310003661246940787e+00
3.238759462327027272e+00
3.022137669181109043e+00
2.909358694926678979e+00
2.747081806402404958e+00
2.642834908478101319e+00
2.413938995076496674e+00
2.299562988995439206e+00
2.119048445912374401e+00
1.952132827510499880e+00
1.751054000285312995e+00
1.565145398131259302e+00
1.409056919700779176e+00
1.190449627309377423e+00
9.361151960721776355e-01
7.454820212002593038e-01
5.654466456212121628e-01
3.703930527956478258e-01
2.193349298688511695e-01
0.000000000000000000e+00
