1.071793449825158007e+00
1.738895998819394606e+00
2.364568976742669637e+00
2.587484273314330174e+00
2.733542651721602379e+00
3.030685057327916709e+00
3.202915473592247153e+00
3.488998170495469786e+00
3.571023338924362633e+00
3.880414058504019437e+00
3.902436703625405734e+00
4.007254633008712652e+00
4.038034357436774968e+00
4.117663065684391555e+00
4.197876429915386787e+00
4.244580915849275549e+00
4.180835742197305471e+00
4.261972122249132688e+00
4.173325854915630906e+00
4.135075376061967845e+00
4.096899816815215090e+00
4.130490539208435230e+00
4.008106245669569745e+00
3.954250640848866460e+00
3.880785412982744820e+00
3.752241502810305107e+00
3.700202021219536341e+00
3.632289115120764578e+00
3.507812581098265881e+00
3.348251802070366878e+00
3.228772120089042463e+00
3.160225324520093082e+00
2.992330436612869349e+00
2.845483067864644777e+00
2.707163881280328255e+00
2.606467745362654131e+00
2.375885074227885418e+00
2.190945687126906627e+00
2.079243467226950415e+00
1.913928161201586597e+00
1.697505932027147946e+00
1.553667290262276346e+00
1.347809691445124081e+00
1.160280417292032684e+00
1.012828571102525999e+00
7.339537915764409171e-01
6.200643476131810772e-01
4.386055533625290437e-01
2.409745364300555082e-01
0.000000000000000000e+00
