2.225570778376269487e+00
2.921711735503992102e+00
3.330991724840169255e+00
3.647372738413758864e+00
3.852267302745469468e+00
4.024169506630124182e+00
4.179251775836243965e+00
4.277479420639314966e+00
4.448200742150143050e+00
4.550377837628204247e+00
4.653057815489487936e+00
4.736979574328150200e+00
4.787373003588163201e+00
4.784828631503936336e+00
4.794800325498016491e+00
4.746198246972381796e+00
4.775855519937368676e+00
4.751924595174069843e+00
4.676581361574807083e+00
4.635209414936447558e+00
4.561868971585460564e+00
4.543959488221664067e+00
4.406262754285994454e+00
4.340512942275847053e+00
4.254825602264342699e+00
4.157390302033592278e+00
3.977049594149563383e+00
3.849469978921885804e+00
3.760051449475353635e+00
3.610255577598285193e+00
3.419185107271013102e+00
3.272293041285259108e+00
3.152909232600385803e+00
2.964654555976864447e+00
2.944193776217247649e+00
2.707252452065547210e+00
2.526629626707885823e+00
2.245677553242323210e+00
2.192429846514621694e+00
1.937902955395037985e+00
1.747886485253998590e+00
1.574757914956187221e+00
1.330100931752660642e+00
1.298147482269803366e+00
1.034082197886684540e+00
8.595111945360471850e-01
6.217646389612374591e-01
3.395116586768525124e-01
9.342239973404353748e-02
0.000000000000000000e+00
