1.135245128567352157e+00
1.454564336834077043e+00
2.290361885936426756e+00
2.450143486926571246e+00
2.728627825882830038e+00
2.922266542231939823e+00
2.968738166955005919e+00
3.377041354902515558e+00
3.632918147221501304e+00
3.690059129161622042e+00
3.847785480474526842e+00
4.036583812431426388e+00
4.071610651430338734e+00
4.097044318539135865e+00
4.138389109685088663e+00
4.117725493597532704e+00
4.146458154760424897e+00
4.171475334787318801e+00
4.153590992976163854e+00
3.968114754897834384e+00
4.034627629483542144e+00
3.927681058252410207e+00
3.848006098316459234e+00
3.905816631119968019e+00
3.679229722053408480e+00
3.660582703073164357e+00
3.602454117585089932e+00
3.471244905658672941e+00
3.378966519715661754e+00
3.342905695185636183e+00
3.210574953705982004e+00
3.068346245299804487e+00
2.972574797735480168e+00
2.819910660261308877e+00
2.700334175000879355e+00
2.576420742791538210e+00
2.351436708178812118e+00
2.185043903492942530e+00
2.059102522602588081e+00
1.864933106823988496e+00
1.602230086617095317e+00
1.451579263512518647e+00
1.323452077890731271e+00
1.195124344649871162e+00
9.629479443802342331e-01
7.440252258330777302e-01
5.208063732711529781e-01
3.323419672495839805e-01
2.014441686050290059e-01
0.000000000000000000e+00
