1.863348610503042568e+00
2.599204521080967556e+00
2.930512765760138194e+00
3.305929784200184685e+00
3.546374217463328371e+00
3.678664340409114608e+00
3.833610686229630193e+00
3.982493235514714236e+00
4.169954117975565921e+00
4.216954463436713318e+00
4.342017760464611520e+00
4.390225127999165977e+00
4.442160087680649738e+00
4.449248367583314767e+00
4.486162283867381362e+00
4.531978919661689531e+00
4.533415516135535839e+00
4.488513561334765534e+00
4.500485679238132697e+00
4.372231639466101605e+00
4.350236017167501856e+00
4.289178353407469224e+00
4.362289566586331269e+00
4.203493113622466915e+00
4.094476453251825632e+00
3.993595797011245452e+00
3.857559692106159233e+00
3.809645599119579451e+00
3.735671012744969044e+00
3.583736123162120535e+00
3.366663380278387407e+00
3.325124654814402003e+00
3.170105181851178511e+00
3.005301781510327785e+00
2.822825738319398869e+00
2.659346082941901113e+00
2.539509990734754030e+00
2.341931122802187737e+00
2.167793543051538485e+00
1.967200034350460314e+00
1.788148713143393742e+00
1.651958113109132320e+00
1.511368835272302480e+00
1.238421879236613510e+00
1.007474112232368935e+00
8.433110311238491974e-01
6.547380946298906323e-01
4.845308342174305949e-01
2.852499164132931142e-01
0.000000000000000000e+00
