1.363369583992799061e+00
2.164939317608717051e+00
2.429975868674242090e+00
2.781805407935868946e+00
2.958793619103649242e+00
3.239423361120645772e+00
3.361839133214609809e+00
3.525151795082781092e+00
3.815242801731258293e+00
3.936913770786270916e+00
4.133475507850602249e+00
4.126810355571958411e+00
4.303399216066503108e+00
4.290235607468165568e+00
4.281296874384693751e+00
4.348708969695224802e+00
4.359957577917963789e+00
4.344592195547869018e+00
4.385152977145923892e+00
4.278996009037110859e+00
4.177341685501201773e+00
4.149036078122493088e+00
4.084754589646514944e+00
3.908001357807634690e+00
3.983049942256994935e+00
3.812819230102205914e+00
3.716236656835961050e+00
3.647376348428586823e+00
3.557363464239910567e+00
3.401964046625428395e+00
3.243859353396197243e+00
3.068799877007858612e+00
3.035352957155732945e+00
2.864172310749253825e+00
2.788225475453862234e+00
2.596661224640080867e+00
2.392588471354951896e+00
2.271583327871561586e+00
2.066055459532217142e+00
1.962132179072909377e+00
1.748706830421545622e+00
1.543406677948703898e+00
1.316036378089539216e+00
1.152743182118963539e+00
9.748270029049113106e-01
7.862259850319111010e-01
5.680564434469026480e-01
4.247217203334203717e-01
1.683398574617935850e-01
0.000000000000000000e+00
