1.788497237516379901e+00
2.574996981933014961e+00
2.890058444056691656e+00
3.182715095486263746e+00
3.463362368542021841e+00
3.572503322450039320e+00
3.753155102393504805e+00
3.948281862418460797e+00
4.080824520977069270e+00
4.228029197313464493e+00
4.341881619092649025e+00
4.415676254737602058e+00
4.477479272904019147e+00
4.532099838359096466e+00
4.535364445531113731e+00
4.572191886428853991e+00
4.518323757813028863e+00
4.534952878826418399e+00
4.450584727139608177e+00
4.375384920233523545e+00
4.292719106942702645e+00
4.289463713772779130e+00
4.193535341235829605e+00
4.168010157442457952e+00
4.011948162487771974e+00
3.944567320950162603e+00
3.882226840918419519e+00
3.751686310543163039e+00
3.660436415999959614e+00
3.476440560180074968e+00
3.417634713131225688e+00
3.251639084500429711e+00
3.117567151803052994e+00
2.950643885246614584e+00
2.759962470442002935e+00
2.535695462094681663e+00
2.433621997724653596e+00
2.222246565895446224e+00
2.085747675588626837e+00
1.940604710997560822e+00
1.738219009751124755e+00
1.503222706377988160e+00
1.295473851172626922e+00
1.203381561943026590e+00
1.063180669520793487e+00
7.843058901522637072e-01
5.772755004609733120e-01
3.450700166241569278e-01
2.388297604858031775e-01
0.000000000000000000e+00
