1.540816809142580013e+00
2.248447584272592614e+00
2.690312865129396602e+00
2.960245630997034638e+00
3.177499251328264940e+00
3.320610524108073669e+00
3.504274104170807203e+00
3.694191949325728253e+00
3.950347131633913822e+00
4.077787520531597210e+00
4.273881920596014794e+00
4.226599415370234425e+00
4.314540214903394677e+00
4.303920296072435647e+00
4.387005512590087974e+00
4.424294082383549487e+00
4.386218107314569181e+00
4.420036645067770387e+00
4.281382531589687623e+00
4.332533248608230636e+00
4.207573628393590504e+00
4.187862569423511871e+00
4.134891780973492637e+00
4.079195044524711378e+00
3.911599951862560154e+00
3.843585097566568631e+00
3.750902666398821417e+00
3.639874496461517950e+00
3.511903657026977044e+00
3.383446692889892304e+00
3.384584517846240814e+00
3.196100524352758043e+00
3.035113225891525435e+00
2.880338265577286894e+00
2.729977363859986905e+00
2.604154620153266375e+00
2.478258368483245100e+00
2.338415591369473745e+00
2.141657955740170483e+00
1.927909891176984747e+00
1.759012270208565099e+00
1.595794968586404128e+00
1.385815029005751597e+00
1.172441933754736709e+00
1.050890385140311079e+00
7.215056036633047398e-01
5.359025047771277528e-01
3.302854084939381707e-01
2.451698588727797556e-01
0.000000000000000000e+00
