9.642001067460825858e-01
1.686364246709421977e+00
2.064360043698139080e+00
2.404128191201952536e+00
2.575181849323174621e+00
2.825662477592488564e+00
3.010416500010289820e+00
3.250163734304867269e+00
3.565812348288801115e+00
3.793640007902606914e+00
3.865588630655393043e+00
4.083171480559835587e+00
4.025422051531418965e+00
4.119090386620757549e+00
4.196391253182921055e+00
4.123593574520607596e+00
4.178042961752017170e+00
4.167066465839502243e+00
4.126742810775703596e+00
4.163092154680226642e+00
4.005265093545795629e+00
4.011521358336413101e+00
3.993189192079119820e+00
3.928331927477472174e+00
3.825866440619974718e+00
3.716478139430759775e+00
3.682744312279418786e+00
3.549388838503220178e+00
3.451364514980666875e+00
3.360033269683802892e+00
3.245182975347251197e+00
3.150388302208747326e+00
2.962232083435003993e+00
2.825657427947376288e+00
2.754863652972102894e+00
2.613297914345586559e+00
2.423239825970223027e+00
2.227624267946444192e+00
2.037252515203669123e+00
1.920540481150442957e+00
1.742742147405073716e+00
1.538341114124259335e+00
1.342037011312146699e+00
1.231153197828737333e+00
9.865867509725312345e-01
7.787402986001441541e-01
5.741560227242352710e-01
3.700676008867844757e-01
2.539064775570052390e-01
0.000000000000000000e+00
