-3.258943838461963338e+00
-2.519517751742305300e+00
-2.017754243279588966e+00
-1.714516326004324798e+00
-1.587661144008281511e+00
-1.349470987617594098e+00
-1.239345610235818462e+00
-9.426679642076978283e-01
-8.737397590212627740e-01
-7.277222113716564911e-01
-5.877707124294180296e-01
-5.123412851726552031e-01
-4.620551804693495690e-01
-4.461984654235232606e-01
-3.724709112541315648e-01
-4.217613765888090782e-01
-3.626231807722182232e-01
-4.212647771588249879e-01
-4.868135821370662142e-01
-5.063242934634030190e-01
-5.723510514123082427e-01
-6.674910979165322722e-01
-6.714342597708915505e-01
-8.020441414509490441e-01
-8.486712015322404046e-01
-9.512971856972211038e-01
-9.801610947596094414e-01
-1.199647648024378510e+00
-1.329563810288517445e+00
-1.405111814505597634e+00
-1.580510963644890854e+00
-1.663446932104141851e+00
-1.773633046500613375e+00
-1.873402901273244270e+00
-2.080988459381913014e+00
-2.183234472299102169e+00
-2.379555592288812971e+00
-2.498256248245731115e+00
-2.760922940683780524e+00
-2.905094897722782399e+00
-3.061177029643951997e+00
-3.319834113808792786e+00
-3.436719418784095481e+00
-3.644281503527853072e+00
-3.900145337710943849e+00
-4.079215391739622554e+00
-4.207323265721143457e+00
-4.483242633726524318e+00
-4.642285285039072562e+00
-4.848034512866403745e+00
