-3.298210787172485947e+00
-2.574167344013985836e+00
-2.162319577141520011e+00
-1.857463556322762832e+00
-1.604568185333582697e+00
-1.475492146490934076e+00
-1.253281825417376760e+00
-1.004538806436257925e+00
-8.511514228607279797e-01
-6.519632447001000308e-01
-6.120035642121661734e-01
-5.093488265385327507e-01
-4.285253011795708833e-01
-3.685026978617405025e-01
-3.960632180969527738e-01
-3.846483874038763018e-01
-4.075117529398557537e-01
-3.940538061897775890e-01
-4.569794399254036854e-01
-5.626899514734952090e-01
-5.511058207941381681e-01
-6.214875893570508403e-01
-7.760658024962333590e-01
-8.349016371407023129e-01
-8.564919561308592666e-01
-9.695845830474842941e-01
-1.105677536463634203e+00
-1.231028567698805087e+00
-1.377149190963924852e+00
-1.472471510584669296e+00
-1.604246253726402616e+00
-1.707308495173308849e+00
-1.879258830436995042e+00
-2.034466108235189807e+00
-2.256586592139619984e+00
-2.377918177434570790e+00
-2.477702521287204362e+00
-2.722066154211144173e+00
-2.894919496296460615e+00
-2.999325026444310094e+00
-3.256066580904080077e+00
-3.507510044682215611e+00
-3.575469659391188770e+00
-3.838181473928445442e+00
-3.867824662789934198e+00
-4.250029240800908603e+00
-4.616545533550570291e+00
-4.454359490307305158e+00
-4.616545533550570291e+00
-4.893804405774549338e+00
