1.522865727499886468e+00
2.309796184906935057e+00
2.727413175285061442e+00
3.056483135077606050e+00
3.283570491395995994e+00
3.396252762763189104e+00
3.617817432544268463e+00
3.770241037912176463e+00
3.925358772016382503e+00
4.043992045486640485e+00
4.116122831834108098e+00
4.134578265648948481e+00
4.252856114589766534e+00
4.292747104914023559e+00
4.330454667809481961e+00
4.224476613671878766e+00
4.309158134914317984e+00
4.238481981195092452e+00
4.243811746035211385e+00
4.193017707559643092e+00
4.124818312132786602e+00
4.118182131000633461e+00
3.957501799480114713e+00
3.926729246536258877e+00
3.837593158838250140e+00
3.764228897150456277e+00
3.659978883786588533e+00
3.614043716216530200e+00
3.445999621366838461e+00
3.350656619218653542e+00
3.256999064028065938e+00
3.168621475537364951e+00
3.044649356255991535e+00
2.932194750116106086e+00
2.763117937346272868e+00
2.642377792716142704e+00
2.436752531377770481e+00
2.184017281323413773e+00
2.110113062576984611e+00
1.867046876209377704e+00
1.780002017683932625e+00
1.613325200209761778e+00
1.360938507908585393e+00
1.194532892507726984e+00
9.632261190076136792e-01
8.088861056467551158e-01
6.412807046856752180e-01
4.042847867845775767e-01
2.845367098086066804e-01
0.000000000000000000e+00
