-3.725279832362457633e+00
-3.022082163532043175e+00
-2.654548372180750349e+00
-2.135045928527852244e+00
-1.812227755637507487e+00
-1.703151151324926005e+00
-1.400256881240359963e+00
-1.421343817670364107e+00
-1.076947900702253769e+00
-7.648371791259565011e-01
-6.605349031602368859e-01
-6.198661261313939130e-01
-5.403762643918961217e-01
-5.000861105538491058e-01
-4.724885812592427015e-01
-4.070263547686727712e-01
-3.871273307183364376e-01
-5.199095877859328807e-01
-4.072240302820218649e-01
-4.991985851524064488e-01
-5.554086329302571068e-01
-5.811364051920888674e-01
-5.752702891600953716e-01
-6.076764979576880776e-01
-7.240341786879124220e-01
-7.556776349389195957e-01
-9.275074161153921137e-01
-9.027600328831728582e-01
-1.068902436788428334e+00
-1.205715348819163202e+00
-1.265442812177659526e+00
-1.384651408993990751e+00
-1.467799884685788037e+00
-1.614374177485305317e+00
-1.805448523847337006e+00
-1.975781612383076924e+00
-2.087721668283112564e+00
-2.249817448299499922e+00
-2.443577421336106781e+00
-2.646359863461036355e+00
-2.772573471887973540e+00
-2.968916980746157730e+00
-3.161296861694237403e+00
-3.348630245914603343e+00
-3.519469293965162393e+00
-3.701836623567833939e+00
-3.922179146922727178e+00
-4.104130942274850646e+00
-4.345085126014320842e+00
-4.506729747893888138e+00
