-3.130116213973147765e+00
-2.444699250171066929e+00
-1.956253110070600876e+00
-1.650383660789805695e+00
-1.456198937550446049e+00
-1.304978126974734476e+00
-1.192853485726290685e+00
-9.226450220078080688e-01
-8.763822785319073105e-01
-7.631409707946761323e-01
-6.588386948289539635e-01
-5.746487738605914330e-01
-4.858561672553911581e-01
-3.901315481028839183e-01
-3.515744291330378246e-01
-4.556379013529888167e-01
-4.357388773026736328e-01
-4.258511567947815823e-01
-4.665985580342941752e-01
-5.016049768880083137e-01
-5.929595669824122561e-01
-5.625956027207205112e-01
-6.968104584619805308e-01
-7.695385469084379260e-01
-8.041029761999185510e-01
-9.541665612997296542e-01
-9.904061957406270489e-01
-1.132496070949711386e+00
-1.269883583049840281e+00
-1.345036223149735699e+00
-1.407651785697005442e+00
-1.588109343354059177e+00
-1.726517954438079094e+00
-1.827588693094579275e+00
-1.986043092670106702e+00
-2.156376181205521103e+00
-2.263053003275926844e+00
-2.508535518057563252e+00
-2.639558502486748282e+00
-2.864364855501909002e+00
-2.971062398232250601e+00
-3.182131496360041556e+00
-3.436859525562042883e+00
-3.549611392176292846e+00
-3.730266883847368042e+00
-3.919841615785189859e+00
-4.158792145353167768e+00
-4.305112088068557163e+00
-4.579418915803461942e+00
-4.741063536886380270e+00
